662488,3233526882 5982354,79503775       57710
662520,8172815738 5982324,00389696       57711
662525,7087583186 5982289,99446195       57712
662509,7022526998 5982247,31758447       57713
662516,9661252918 5982205,14526163       57714
662537,4733959616 5982137,86210199       57715
662543,807817077 5982086,45375151       57716
662537,2539217117 5982080,17915876       57717
662523,9287498855 5982077,66032558       57718
662508,1088117529 5982087,35217953       57719
662491,2076885704 5982124,16001940       57720
662460,7192046042 5982163,71228770       57721
662390,638131284 5982272,25035679       57722
662362,4028267359 5982305,50206384       57723
662346,8146084266 5982341,14438968       57724
662366,1766201209 5982359,67523618       57725
662392,4870714513 5982354,67078451       57726
662416,6050128867 5982347,94634144       57727
662446,0293541112 5982353,60170624       57728
662464,8059679205 5982361,81376617       57729
662488,3233526882 5982354,79503775       57730