392369,9493976926 5953851,00654821       1552
392220,8586123668 5953856,55102802       1553
392180,56758630875 5953887,50658149       1554
392110,35932911315 5953825,28053844       1555
392106,26433020877 5953764,35239392       1556
392109,9471765077 5953711,51366773       1557
392066,2361278414 5953647,16210794       1558
391951,43072429963 5953700,46509312       1559
391905,6948300596 5953739,25053225       1560
391914,24839789 5953842,595097301       1561
392056,3233019799 5954017,3450957       1562
392035,7351119002 5954122,76285770       1563
392019,0891773317 5954162,11933242       1564
391994,5097876133 5954201,32006846       1565
391959,76754784724 5954219,15684586       1566
391847,55528551666 5954275,15629874       1567
391793,99000306457 5954308,49700113       1568
391769,3586969058 5954350,34225715       1569
391765,9875224775 5954387,31368386       1570
391778,4315681724 5954427,24112288       1571
391796,32040050754 5954459,33880308       1572
391832,35748014605 5954510,31141301       1573
391853,25412480783 5954523,94928785       1574
391921,02546741447 5954575,54476113       1575
392052,31711182365 5954625,74156151       1576
392361,22220622574 5954716,02827764       1577
392452,2591225692 5954736,7684739       1578
392541,34190184134 5954780,84594656       1579
392685,5439747116 5954847,16972285       1580
392758,9672270283 5954880,35764585       1581
392827,64640237606 5954916,28990865       1582
392988,8800398762 5955027,73011180       1583
393072,6706664879 5955071,70239258       1584
393125,04416745773 5955099,1872996       1585
393258,4598007013 5955175,88162474       1586
393373,88303820835 5955225,76747812       1587
393403,4083103469 5955238,64697225       1588
393494,5432455941 5955278,40179804       1589
393615,4110659432 5955320,45804433       1590
393723,47168733214 5955341,09884054       1591
393805,45096914837 5955342,70886054       1592
393927,409261691 5955329,2310916       1593
394051,85616490967 5955323,73883533       1594
394221,05162985576 5955329,70765464       1595
394350,5796556097 5955334,89745922       1596
394456,56692977657 5955326,3974891       1597
394570,4357810446 5955320,69790820       1598
394621,04466586886 5955303,17355610       1599
394663,4604448066 5955298,71580816       1600
394713,39393150667 5955315,56981587       1601
394779,81784384686 5955301,00180349       1602
394846,3975289963 5955278,50038328       1603
394863,1477885399 5955233,85582060       1604
394861,6463109805 5955175,62519634       1605
394899,1368247353 5955152,55217452       1606
394960,2717088915 5955137,8803477       1607
395031,93273009884 5955126,06084868       1608
395137,76412226947 5955125,49480321       1609
395227,93646042433 5955114,039257213       1610
395344,3457918125 5955113,68123464       1611
395434,4142668672 5955107,51472424       1612
395513,64479238517 5955114,36281451       1613
395576,90448395757 5955126,18800400       1614
395622,06862659333 5955116,49365621       1615
395686,1078979711 5955088,6517310       1616
395768,39871844754 5955074,39599089       1617
395892,8972744786 5955066,261036023       1618
396001,8928135305 5955039,30281596       1619
396137,5411190071 5955002,2867516       1620
396217,343451171 5954980,04589410       1621
396276,2784478952 5954952,3879034       1622
396422,9439405489 5954883,55859591       1623
396570,1582026406 5954796,50575765       1624
396666,3993407065 5954745,48797616       1625
396709,5950672794 5954701,363667       1626
396760,9841408538 5954644,17303575       1627
396772,44598693296 5954599,42476201       1628
396762,80407349166 5954551,61604479       1629
396716,08729821676 5954505,72378040       1630
396624,83013120404 5954437,79176198       1631
396523,5149157977 5954343,20673855       1632
396509,3307213636 5954323,04519756       1633
396487,4279953877 5954294,87795778       1634
396475,0894448913 5954249,66166918       1635
396475,9213717687 5954207,34979675       1636
396476,5453214089 5954175,61583420       1637
396496,25272807013 5954115,156420737       1638
396537,5841007479 5954031,3125541       1639
396556,97948183934 5953986,72005421       1640
396563,10048321215 5953944,51211167       1641
396561,54801102186 5953888,92565910       1642
396538,7354553898 5953838,2122066       1643
396465,98939125956 5953770,64367396       1644
396372,34722241876 5953689,43661246       1645
396320,44514882733 5953638,15111315       1646
396255,21640579315 5953591,894552723       1647
396187,031172461 5953561,45311243       1648
396076,42978591355 5953535,46883065       1649
395916,51522199425 5953517,16982341       1650
395793,883028131 5953508,749753       1651
395719,6808126948 5953515,22762807       1652
395656,31641280424 5953508,69091194       1653
395579,8334909512 5953496,60525232       1654
395479,42100264755 5953498,6593804       1655
395420,9027490302 5953506,70886809       1656
395179,8360349562 5953523,13490570       1657
395041,85341019393 5953544,23289683       1658
394920,0048132456 5953561,34389737       1659
394869,54402129544 5953562,01083729       1660
394800,6306494764 5953568,59316080       1661
394707,44884464267 5953598,50853033       1662
394611,67454458075 5953625,72742632       1663
394520,98146492196 5953663,628443480       1664
394446,467265081 5953685,97411588       1665
394375,9740637388 5953673,55517114       1666
394391,7117889467 5953645,21522009       1667
394437,03239999467 5953627,58689607       1668
394482,4568438819 5953604,669524413       1669
394480,4359171169 5953572,88338296       1670
394465,07578494656 5953561,06525933       1671
394385,3890387615 5953563,07919430       1672
394266,3855907453 5953560,74098115       1673
394221,3247484875 5953565,14664906       1674
394144,2699042684 5953582,15156974       1675
394046,1108418412 5953596,09631330       1676
393953,50050672505 5953596,92250907       1677
393879,76551668235 5953579,6006241       1678
393795,03684064467 5953583,22726496       1679
393733,8490910477 5953600,54413331       1680
393688,8401597453 5953602,30549474       1681
393628,2239302924 5953590,53265099       1682
393575,385311111 5953586,84913049       1683
393543,44316376926 5953596,80393502       1684
393476,3949485959 5953643,10681124       1685
393430,97055929824 5953666,0244704       1686
393343,02590286476 5953698,6892363       1687
393260,97986426327 5953709,77090523       1688
392776,31384602573 5953862,16595839       1689
392691,1696930706 5953886,94955538       1690
392627,1816711365 5953912,14861470       1691
392577,40298647713 5953887,36121841       1692
392551,4769261921 5953860,39665768       1693
392536,47240414075 5953857,23226088       1694
392496,1494963802 5953848,72817886       1695
392369,9493976926 5953851,00654821       1696