661851,8100609756 5982311,32971741       57731
661824,0206692149 5982301,728099070       57732
661797,8618502432 5982309,16033489       57733
661773,4934323267 5982329,773221537       57734
661760,2043674301 5982356,99940920       57735
661749,1548681083 5982388,09739648       57736
661754,5232193882 5982417,21118129       57737
661781,2275732937 5982461,16279235       57738
661791,0254392286 5982497,355364718       57739
661802,4801048638 5982554,74864061       57740
661801,1501392161 5982616,097758654       57741
661816,8357873026 5982673,58271526       57742
661838,8678450864 5982731,2052433       57743
661881,4983399628 5982760,03631224       57744
661903,5305546209 5982774,93665474       57745
661945,243955665 5982803,35520437       57746
661968,0415297165 5982823,70495769       57747
661978,4874914067 5982833,0294038       57748
662031,1072925786 5982845,42994002       57749
662056,6306400462 5982839,63390785       57750
662057,3186486019 5982807,901618537       57751
662043,3817238568 5982767,38640085       57752
662015,7647583439 5982727,84726509       57753
662019,417802539 5982701,2559792       57754
662045,6291604305 5982663,7275987       57755
662041,9486163231 5982638,24998389       57756
662004,3743470772 5982614,15414285       57757
661979,4013373295 5982594,56433195       57758
661958,7051146602 5982572,9508368       57759
661943,0653472797 5982513,35027283       57760
661935,7499343589 5982460,27969185       57761
661923,9284008632 5982419,81018084       57762
661913,2905914272 5982394,05232580       57763
661896,8744271876 5982354,30292693       57764
661877,3839064498 5982330,88243371       57765
661851,8100609756 5982311,32971741       57766