778197,4833848109 6052186,91349729       64995
778189,9923501777 6052179,85170126       64996
778174,6745145622 6052180,26337536       64997
778154,8549915737 6052176,74403796       64998
778136,9240034603 6052169,08455509       64999
778134,5256530668 6052143,02878596       65000
778130,9122970765 6052085,58867502       65001
778150,7669634456 6052027,837837       65002
778178,3108738437 6051980,84799013       65003
778221,1720225479 6051958,0248242       65004
778263,972236119 6051937,8459957       65005
778284,8280084205 6051917,97323451       65006
778301,7058612264 6051883,15373273       65007
778321,15504288 6051867,72755792       65008
778317,7657127337 6051850,611667816       65009
778299,5114467976 6051845,59765475       65010
778255,3483858141 6051852,97851571       65011
778204,5537789564 6051875,61863785       65012
778151,1146756889 6051898,19759820       65013
778099,731212625 6051912,16828251       65014
778067,853698746 6051951,83858509       65015
778034,837714744 6052006,63971053       65016
778027,1125681668 6052040,61205323       65017
778030,1427766413 6052075,1257367       65018
778055,6107834915 6052132,35445204       65019
778080,7907114434 6052168,91041966       65020
778105,117284195 6052209,27374251       65021
778130,8978224185 6052219,81942822       65022
778165,2524906059 6052223,67442949       65023
778178,2575430364 6052223,97476025       65024
778191,5630292462 6052211,27003995       65025
778197,4833848109 6052186,91349729       65026