762511,6972585305 6042286,26099556       67140
762533,3635473961 6042235,49400092       67141
762558,1330922088 6042198,46793774       67142
762579,8776309546 6042144,28509889       67143
762580,9714883143 6042096,464899098       67144
762557,764561929 6042065,17649880       67145
762524,6229748488 6042019,99066853       67146
762525,4823826938 6041982,41769769       67147
762539,8483895012 6041951,98860073       67148
762570,902518153 6041939,0287885       67149
762601,253496542 6041956,81060553       67150
762620,7615646049 6041949,99976811       67151
762628,8137209123 6041947,18846792       67152
762637,5984414928 6041861,9513804       67153
762680,462385344 6041780,9111884       67154
762736,8331146813 6041707,014921       67155
762790,329922206 6041617,3264686       67156
762814,7921416003 6041585,76683993       67157
762846,3932328608 6041548,89668746       67158
762851,0876245496 6041539,40966873       67159
762871,4754285314 6041498,2073123       67160
762902,6860149573 6041478,41588533       67161
762971,6261459007 6041452,65244396       67162
763012,7715083645 6041446,75847486       67163
763078,9210697818 6041393,59086832       67164
763114,0162696348 6041353,3830278       67165
763108,1224008012 6041312,23758737       67166
763078,239914343 6041273,96095135       67167
763045,0198039397 6041232,19047486       67168
762970,8104622811 6041189,48251987       67169
762921,2827752536 6041147,47832915       67170
762870,1342034263 6041108,5763156       67171
762816,3411956659 6041069,75296491       67172
762776,1331441135 6041034,65793622       67173
762732,4312332012 6041002,90054523       67174
762692,5355753787 6040954,14246324       67175
762677,4875492982 6040864,94192112       67176
762603,8429526518 6040764,06054289       67177
762544,0589097128 6040721,77121230       67178
762487,2403597347 6040665,79127291       67179
762423,4117284575 6040607,93450459       67180
762361,4954487977 6040560,51876398       67181
762283,095166614 6040476,57597728       67182
762226,1982800739 6040424,0119789       67183
762125,1304596971 6040360,18571215       67184
762057,5957911039 6040324,4663799       67185
762034,8564695147 6040272,68328797       67186
761963,7497639088 6040243,717639470       67187
761891,7063448412 6040255,74132454       67188
761836,3513871375 6040285,2341090       67189
761787,359627174 6040335,37777242       67190
761768,1265626097 6040368,79858803       67191
761744,6529952103 6040409,587784559       67192
761726,5593285506 6040453,60231741       67193
761698,9210098925 6040466,64086208       67194
761668,2924179507 6040446,03084597       67195
761647,2392811842 6040394,74955186       67196
761606,7834228696 6040358,89995963       67197
761543,6790095164 6040341,58273465       67198
761500,194800483 6040299,31399657       67199
761482,0249152498 6040260,79865036       67200
761412,5011620116 6040246,50995792       67201
761365,4809795562 6040220,03541893       67202
761314,8523845375 6040212,52856959       67203
761285,6397128956 6040240,43608126       67204
761225,4911254769 6040232,71174673       67205
761178,5434524332 6040203,064082609       67206
761109,0922675959 6040185,60219431       67207
761048,7987070624 6040184,22466504       67208
760867,5556890555 6040195,95906206       67209
760794,0613432375 6040216,50502281       67210
760760,8055514491 6040282,42024746       67211
760741,0406326381 6040313,71857972       67212
760661,1997823502 6040334,11964132       67213
760600,7615062774 6040339,08895568       67214
760563,2614228397 6040312,832375715       67215
760545,0188392212 6040277,49086548       67216
760491,5796102936 6040254,045213480       67217
760456,6004498409 6040256,42120199       67218
760424,2873344643 6040281,08305121       67219
760375,745114686 6040321,2489807       67220
760347,3300933884 6040314,24999064       67221
760313,0758004107 6040284,892804760       67222
760307,5264437863 6040249,84121089       67223
760266,7806163278 6040226,68573268       67224
760187,6648288374 6040215,353744145       67225
760086,5532515083 6040193,994660       67226
759979,3849433068 6040159,79739090       67227
759878,4183398015 6040132,09192793       67228
759674,2538042247 6040035,3556394       67229
759532,9758969785 6039965,45552204       67230
759259,5775871669 6039841,73988972       67231
759216,0203916145 6039802,64600142       67232
759176,0710958679 6039744,58460152       67233
759117,2267322551 6039679,7418938       67234
759055,7884106641 6039589,44028785       67235
758952,2952540591 6039451,58616468       67236
758922,1921429324 6039410,73573084       67237
758886,7815693815 6039362,46175252       67238
758841,997855178 6039324,92748846       67239
758802,3133642297 6039303,94016501       67240
758784,9411403369 6039265,205888174       67241
758780,258258357 6039230,4123385       67242
758719,3022619887 6039181,55551222       67243
758658,2213191955 6039138,17264072       67244
758622,0195817859 6039124,56732821       67245
758571,2621082056 6039108,80433709       67246
758513,6223162699 6039074,62822327       67247
758435,6613661362 6039050,94212636       67248
758382,8294847799 6039046,08562250       67249
758338,7878540653 6039056,03453650       67250
758325,4324461914 6039081,28837618       67251
758310,3356680614 6039102,85121932       67252
758284,8737030396 6039098,61907150       67253
758270,5261250666 6039087,33817186       67254
758248,4637600124 6039094,13726906       67255
758233,3670049871 6039115,70010762       67256
758232,6177176154 6039148,54402561       67257
758233,6514265982 6039183,25408826       67258
758225,4690834277 6039191,78140938       67259
758213,0806932334 6039204,69201682       67260
758195,9054353999 6039199,21184829       67261
758182,2696658291 6039194,86111832       67262
758169,8717165805 6039178,14778729       67263
758155,9821397085 6039146,79571275       67264
758147,4415616486 6039121,042294797       67265
758149,807416396 6039097,36345572       67266
758148,523813175 6039073,60125787       67267
758134,5509492378 6039045,89842869       67268
758107,7222236362 6039021,55349303       67269
758069,4460384551 6039018,85477794       67270
758025,7000646025 6039005,269437700       67271
758018,6886187814 6039003,09202574       67272
757958,8494780621 6038985,29667349       67273
757891,628593053 6038970,9841464       67274
757861,0672341484 6038950,20542513       67275
757843,5281665435 6038918,77007587       67276
757819,8492249752 6038916,40441977       67277
757781,073669126 6038935,60165831       67278
757764,8102801281 6038947,53175811       67279
757756,9369583267 6038953,30720301       67280
757736,0334435318 6038989,34243192       67281
757722,1788290144 6039036,4921557       67282
757724,829359066 6039080,36706422       67283
757742,3683881761 6039111,80224160       67284
757784,1688485919 6039120,0581652       67285
757818,8372998191 6039120,848936480       67286
757891,7401342842 6039126,1630011       67287
757936,9818609684 6039143,62546387       67288
757939,8403877643 6039178,377079084       67289
757924,8685905936 6039194,46601760       67290
757881,1185422359 6039191,64246362       67291
757829,9866724398 6039192,30169163       67292
757786,2366491263 6039189,47817822       67293
757744,4777374851 6039179,39761473       67294
757715,6579534793 6039162,30991598       67295
757683,3135761141 6039139,66492434       67296
757653,9943749763 6039144,47301150       67297
757630,7667675767 6039202,36237093       67298
757608,7396123514 6039287,66308762       67299
757617,4700841709 6039324,554470058       67300
757618,7302966857 6039329,87961970       67301
757647,7165883267 6039339,66881803       67302
757691,5912715903 6039337,0183558       67303
757707,7748779003 6039334,40165702       67304
757741,0648890792 6039329,0189168       67305
757783,0734656374 6039328,15148845       67306
757802,8950038296 6039336,43380475       67307
757824,6657275622 6039345,53067690       67308
757836,9387951383 6039367,71777764       67309
757834,5314505793 6039393,22123131       67310
757816,076840021 6039401,92829521       67311
757772,4934000287 6039391,80605555       67312
757736,2086357424 6039381,85042618       67313
757699,5491866061 6039388,31657351       67314
757646,0101725268 6039414,4792356       67315
757582,848482366 6039462,32958438       67316
757557,6713912867 6039525,65103343       67317
757553,5859146782 6039599,07953686       67318
757551,4832933918 6039636,87097994       67319
757555,6252291634 6039695,38430956       67320
757583,529191856 6039752,6141055       67321
757622,0264649666 6039794,66430398       67322
757663,3374393623 6039801,63468676       67323
757712,0379311945 6039801,18543222       67324
757750,4802487129 6039796,585654410       67325
757772,7506339236 6039780,6633714       67326
757791,6630889005 6039751,88544144       67327
757803,6515378404 6039706,519167569       67328
757815,6400859149 6039661,1527709       67329
757835,3757537642 6039621,06518896       67330
757840,5260170732 6039610,60388396       67331
757874,0772538454 6039580,33427724       67332
757897,9641823466 6039573,57675370       67333
757924,0503732213 6039550,43919919       67334
757960,9595087596 6039533,025254399       67335
758003,3843486169 6039513,91157662       67336
758018,5226671428 6039490,52414025       67337
758035,3192001315 6039474,47690781       67338
758074,3028867845 6039446,15675749       67339
758096,1862152633 6039437,78185024       67340
758114,8198239459 6039430,65068301       67341
758151,3128733044 6039431,48326142       67342
758202,3614873718 6039434,47351483       67343
758242,7119568837 6039426,26616527       67344
758259,7411641132 6039401,94334987       67345
758271,8912352516 6039371,88368248       67346
758292,276165784 6039334,2911880       67347
758332,6683288468 6039324,25920482       67348
758354,1204827011 6039323,7276683       67349
758371,0277278044 6039323,30873562       67350
758384,9215711623 6039327,12099708       67351
758400,0557349012 6039331,27355675       67352
758394,8880322414 6039346,31805806       67353
758386,3672347724 6039371,12452397       67354
758367,4545541059 6039399,90261797       67355
758362,8476495799 6039441,78643705       67356
758374,5793902279 6039487,69418909       67357
758395,291215338 6039514,61100929       67358
758418,9050279921 6039545,29929984       67359
758450,9577792808 6039580,71719698       67360
758488,6509295297 6039608,9613224       67361
758528,293602841 6039631,77313436       67362
758591,0106984985 6039651,17769014       67363
758669,3547785488 6039688,569781       67364
758731,0829342066 6039766,17758090       67365
758753,8620639096 6039880,9960169       67366
758781,1181676919 6039938,76744514       67367
758802,4621117638 6039977,35402389       67368
758819,6911273767 6040057,12122773       67369
758821,9953366537 6040095,27330562       67370
758793,2182915234 6040104,14129761       67371
758764,6585491734 6040103,48941351       67372
758779,5110687816 6040148,27777280       67373
758797,3194536697 6040202,658429787       67374
758861,9304429882 6040293,03191600       67375
758920,339705477 6040376,91388823       67376
758969,4462224054 6040451,05879665       67377
759078,55540419 6040539,27329477       67378
759203,6757785737 6040621,5037631       67379
759335,5774636719 6040684,839551       67380
759439,4991030359 6040722,13708092       67381
759582,2250136127 6040728,57135969       67382
759629,2868276166 6040737,8676854       67383
759654,9209640499 6040742,93133491       67384
759752,7859612098 6040767,39114765       67385
759892,2663239832 6040776,92671334       67386
760009,9685917825 6040766,91529900       67387
760162,6879847851 6040737,6085235       67388
760319,59186124 6040694,61363138       67389
760326,8343055043 6040688,92173971       67390
760374,5530926385 6040651,41952559       67391
760409,8220755975 6040636,35036757       67392
760453,271641342 6040668,90962819       67393
760541,3615465836 6040715,55471874       67394
760620,259588282 6040736,40715637       67395
760677,741855759 6040721,8454894       67396
760693,8516823633 6040712,43223775       67397
760719,5750780739 6040697,40147799       67398
760776,6948968021 6040698,706525587       67399
760836,4080125144 6040725,47066271       67400
760832,2921127185 6040766,65139208       67401
760806,1080060087 6040800,97792371       67402
760831,2632151673 6040839,5118649       67403
760877,5716902358 6040869,28534332       67404
760905,3693693175 6040892,17242918       67405
760921,2005804867 6040905,20706859       67406
760978,8279625527 6040884,29898685       67407
760981,9428443005 6040873,82655029       67408
760989,1455602348 6040849,61003150       67409
761018,2856383421 6040824,87599960       67410
761097,6912667055 6040823,51554218       67411
761212,3662935568 6040807,0862285       67412
761248,9078025904 6040807,92130275       67413
761285,3528712017 6040808,7541855       67414
761349,4722065065 6040781,64457610       67415
761388,0599096697 6040760,30154759       67416
761404,7264182249 6040737,36573409       67417
761417,5627835249 6040719,70086053       67418
761455,4978161079 6040726,91780875       67419
761494,249779297 6040749,03629675       67420
761543,5342401364 6040835,60091219       67421
761549,5850435556 6040869,91447879       67422
761575,9740982021 6040911,52797167       67423
761609,5849983386 6040936,21891411       67424
761696,7362315275 6041017,8580696       67425
761736,7285960328 6041055,32109264       67426
761737,9408298802 6041080,32009343       67427
761739,0512534943 6041103,21957156       67428
761792,1413537954 6041172,78368030       67429
761828,8555769634 6041211,21580807       67430
761878,6860326144 6041273,87039175       67431
761905,0748058828 6041315,48397891       67432
761944,5017723754 6041384,73591103       67433
761967,7090715021 6041416,02413293       67434
762032,1394797056 6041438,00246230       67435
762099,751277446 6041470,30613327       67436
762163,7911551356 6041509,36315487       67437
762203,7646172908 6041554,70507150       67438
762226,5031536681 6041606,4878500       67439
762225,6439470048 6041644,06087792       67440
762237,5884634918 6041719,51954234       67441
762255,5831536236 6041829,29157652       67442
762271,7243945235 6041870,670902383       67443
762298,3472255359 6041902,03742345       67444
762300,1224052873 6041973,84572851       67445
762281,481376082 6042041,76967772       67446
762266,5685109638 6042096,10867510       67447
762261,6685022176 6042160,92923796       67448
762270,3531437656 6042229,4780307       67449
762289,909979563 6042270,935382836       67450
762334,1579952603 6042278,78238942       67451
762364,8994725809 6042279,48554989       67452
762450,4486488242 6042274,60746308       67453
762511,6972585305 6042286,26099556       67454