350525,64900986134 5936634,41360123       556
350372,7679580037 5936603,50574615       557
350332,4569515252 5936624,002639865       558
350353,85193635 5936748,79023675       559
350353,03357641515 5936758,53017435       560
350346,97051875386 5936830,68960739       561
350353,16130355815 5936920,78119085       562
350388,65480506537 5937000,8563890       563
350438,1956082969 5937038,86451822       564
350480,1598781678 5937058,20220874       565
350523,7139475809 5937043,4348879       566
350576,9274587878 5936980,69313039       567
350604,5130535072 5937195,57175270       568
350559,9916318401 5937277,0553948       569
350479,4842839367 5937424,40154137       570
350460,4177131095 5937460,59317631       571
350404,12530680466 5937567,44593196       572
350364,9885769978 5937675,181236966       573
350354,4952876222 5937775,25527708       574
350281,36826988007 5937832,84497361       575
350250,57750051527 5937852,20769228       576
349957,37242678006 5938036,58996293       577
349843,2747862366 5938092,38523295       578
349828,18757566734 5937920,45076489       579
349637,4813619853 5937933,31386267       580
349525,5730177597 5937939,42453191       581
349380,71453174576 5937936,6156088       582
349298,01853718626 5937930,87174466       583
349190,9710191733 5937899,8135484       584
349079,9450746752 5937860,39748293       585
349006,0883113133 5937825,84249058       586
348945,04902866617 5937770,83414293       587
348892,52821116836 5937703,5697396       588
348864,5995849171 5937649,20318758       589
348849,24786870467 5937586,79975007       590
348846,63377539394 5937508,08173075       591
348851,89596871147 5937450,21830391       592
348937,5960529989 5937087,52511522       593
348955,19481035403 5937034,04108908       594
348989,1081502487 5936993,29476167       595
349094,3449566474 5936904,24656495       596
349124,03924152744 5936867,55886904       597
349128,98074528476 5936826,25062841       598
349018,55069783743 5936831,38498689       599
348943,0925160522 5936805,74587741       600
348905,9457748644 5936813,02673932       601
348861,7633705393 5936865,39186794       602
348757,67571138404 5936911,00578519       603
348643,05845842406 5936953,76943867       604
348511,0311226954 5937075,58267003       605
348365,1624020826 5937228,88255132       606
348268,8355912869 5937420,19015788       607
348203,81162410055 5937498,31666911       608
348131,72369724466 5937531,32032204       609
348057,70830681664 5937527,23936316       610
347999,4104732532 5937531,401868       611
347961,35175439937 5937583,58886108       612
347877,24734906724 5937690,45426090       613
347801,79649439955 5937760,44013295       614
347748,5841416175 5937775,28621228       615
347674,4098480672 5937753,85346028       616
347635,4541475732 5937741,33906898       617
347575,3313145656 5937703,12661142       618
347518,0073586316 5937645,82892457       619
347507,8366141811 5937635,662831672       620
347466,46304425586 5937675,4633452       621
347389,19052364083 5937749,79799496       622
347318,9578760752 5937812,84719704       623
347290,389737461 5937838,49344877       624
347146,8133794946 5937967,38515460       625
346947,7856266011 5938132,88804225       626
346791,90204489103 5938256,88725219       627
346603,81464269676 5938404,07900996       628
346372,7889785104 5938582,1942468       629
346268,39517518086 5938643,681921422       630
346180,33387042437 5938681,66996500       631
346097,1532794129 5938740,92242501       632
346041,3471656724 5938753,07289775       633
345973,73607053864 5938786,94345096       634
345967,67044125963 5938789,98206233       635
345883,6901744405 5938832,05315723       636
345738,6466856037 5938903,1902648       637
345693,0425030801 5938923,65744225       638
345562,6867752756 5938968,57853039       639
345431,03225474036 5939053,04259534       640
345385,24412799353 5939099,19994666       641
345346,6728047201 5939150,96773048       642
345283,2187474533 5939230,59333068       643
345233,96590261743 5939314,31921204       644
345184,9691438488 5939384,818906547       645
345127,7295445823 5939471,03649276       646
344991,49237862753 5939697,63054714       647
344936,9759291338 5939775,58695370       648
344931,9307602792 5939772,42606802       649
344900,0005135061 5939752,42129554       650
344888,13981118344 5939818,34737788       651
344870,681403173 5939900,04240784       652
344861,77309928206 5939950,14818291       653
344862,7290145926 5940037,49196935       654
344863,8086374849 5940188,52240611       655
344860,61378969357 5940283,54923297       656
344864,266292298 5940368,29872562       657
344837,3881484226 5940526,55133777       658
344807,88882645546 5940642,23025621       659
344787,3012973752 5940790,20311255       660
344739,7736474932 5940921,59380625       661
344732,07787790627 5941045,81646613       662
344770,27196126094 5941123,29522128       663
344797,78279032244 5941205,85965812       664
344859,7325750092 5941286,44415170       665
344934,85705680994 5941369,92963210       666
345057,49274113064 5941459,62666690       667
345164,7176962367 5941525,209747435       668
345268,88783203077 5941611,903203038       669
345404,1860212762 5941730,95313172       670
345550,0135950184 5941852,85293754       671
345636,33236546785 5941904,80049659       672
345752,82294495637 5941901,76219124       673
345893,5295893386 5941878,02319621       674
345967,4923944075 5941884,74686044       675
346072,94134835957 5941905,31076098       676
346173,81663907436 5941888,73973638       677
346303,532900397 5941885,95784272       678
346445,8094346294 5941917,81947011       679
346547,9985813532 5941970,07450972       680
346610,5242717399 5942015,17605864       681
346649,7780299754 5942043,490941022       682
346749,11702492065 5942106,27551580       683
346877,9623636467 5942148,46195485       684
347002,0804568009 5942161,44922501       685
347110,53232676885 5942163,5486380       686
347258,50791855936 5942174,35173185       687
347383,70146619366 5942183,25992363       688
347502,8019839324 5942204,77906023       689
347556,7456044785 5942214,5256978       690
347581,0565375368 5942220,63385658       691
347796,3795356826 5942274,734617501       692
347927,6641620258 5942327,55344558       693
348082,9599435876 5942370,25275081       694
348364,71040001686 5942441,862429853       695
348629,589072322 5942506,41964672       696
348912,60428586963 5942567,51144899       697
348996,93209232675 5942589,05992205       698
349112,600847039 5942628,34628631       699
349357,573626675 5942686,01419585       700
349502,4059270274 5942757,1781572       701
349559,4040476222 5942785,18443397       702
349769,4769067269 5942868,63784221       703
349872,07304724015 5942899,73280227       704
350322,02223874605 5943047,09766710       705
350745,867011848 5943181,05620893       706
351131,87830908666 5943292,41354189       707
351448,53699397185 5943314,95261784       708
351754,2649653 5943337,28043168       709
352066,7290996687 5943294,1336713       710
352526,9711219767 5943128,48107639       711
352627,89496572735 5943109,26949569       712
352750,4923764742 5943064,01744996       713
352884,0294167857 5943000,45507681       714
352999,45621147414 5942953,29636439       715
353020,05756088917 5942944,87951612       716
353103,54316638014 5942869,76235218       717
353154,00516542315 5942860,15675492       718
353185,36569795804 5942845,22960509       719
353250,15193429566 5942814,39219554       720
353263,6975714958 5942807,52078491       721
353375,75386924954 5942750,67658170       722
353456,50221794646 5942702,16786219       723
353648,8370838914 5942586,62490577       724
354096,05868065695 5942312,17132229       725
354470,6318689319 5942099,81550677       726
354687,3484186905 5941977,00969987       727
354766,98020460183 5941921,817313977       728
354832,18570736237 5941876,62380368       729
355179,59049816045 5941700,78810543       730
355238,80961565406 5941649,01619672       731
355295,7944810204 5941576,03214549       732
355305,1677612887 5941502,123652318       733
355269,1122187389 5941451,1479151       734
355190,68390723196 5941401,99548854       735
355077,97189041006 5941346,88520913       736
354985,42053203005 5941281,69835370       737
354884,8023781914 5941210,83002731       738
354821,0639132469 5941180,30359216       739
354562,3302282732 5941056,38787128       740
354491,01506492344 5941049,71120386       741
354393,3000183884 5941039,87602163       742
354306,5762755142 5941009,08540614       743
354206,93487213214 5940962,16734775       744
354087,69944766525 5940970,43739050       745
353979,1470681813 5940973,62264432       746
353885,63301315124 5940957,70085179       747
353773,5981052943 5940929,94145390       748
353673,6482776372 5940898,89428862       749
353541,6489805183 5940883,10204715       750
353517,25436069944 5940880,75992815       751
353415,8127415935 5940871,02048840       752
353138,61505720986 5940925,557206077       753
352950,45194449485 5940940,42908620       754
352775,6169192748 5940950,26754171       755
352624,6906493013 5940955,27778391       756
352488,63709974743 5940978,04410516       757
352473,60232755035 5940979,75265695       758
352440,61116009264 5940979,11265432       759
352409,6582406884 5940976,51198119       760
352388,7220368779 5940973,10551671       761
352293,58751666854 5940972,66970793       762
352158,788319281 5940964,7626352       763
352049,97864605126 5940981,17500605       764
351973,06452748016 5940990,2677324       765
351867,3617417633 5940982,92528345       766
351724,47300979047 5940982,80008890       767
351603,1556911209 5940961,9244094       768
351548,2233347491 5940929,10542648       769
351484,5860816742 5940935,80969914       770
351407,671705164 5940944,90272654       771
351334,1207375864 5940917,01503364       772
351158,54671804653 5940837,70526843       773
351040,3263339803 5940784,30322838       774
350974,915722232 5940745,98892474       775
350944,0970910434 5940697,76072860       776
350905,7020310977 5940630,86254396       777
350854,2350365046 5940555,77242244       778
350786,84580195847 5940483,01973349       779
350707,7988694045 5940465,61016440       780
350595,5739460053 5940521,64955174       781
350569,6864846621 5940492,03997862       782
350556,97353458765 5940465,33194546       783
350576,8231170935 5940396,91678919       784
350554,19620387815 5940335,6164893       785
350496,7206857692 5940297,455955788       786
350446,9753673513 5940270,02987460       787
350411,2765213961 5940200,5375925       788
350401,9779567957 5940134,20325317       789
350341,7032318213 5940103,92686164       790
350275,5227989368 5940105,28987340       791
350209,54738147603 5940096,07228912       792
350196,9369228654 5940064,07379500       793
350163,4727967817 5940015,794129       794
350114,1376494663 5939967,20664537       795
350071,96874269424 5939958,45052163       796
350013,4671769589 5939973,19343733       797
349938,17157039803 5940035,24174359       798
349881,9313633733 5940030,7225613       799
349619,5410758199 5939954,97232337       800
349532,76287127734 5939926,82848663       801
349509,46892571694 5939899,91521188       802
349504,9477353036 5939860,13503051       803
349395,02240799845 5939829,39886319       804
349368,32104929537 5939809,8555767       805
349406,07149103924 5939773,54075060       806
349425,40817552165 5939731,57673026       807
349420,61004825216 5939723,430190816       808
349404,91315662215 5939696,779140200       809
349286,1874495953 5939678,60080285       810
349154,08190239203 5939668,10174440       811
349040,595063739 5939652,67125701       812
348984,2670217949 5939657,94468655       813
348947,7571172585 5939664,10289244       814
348911,8009523214 5939607,83616256       815
348886,6306510359 5939541,19364761       816
348845,64046774915 5939471,59834229       817
348977,8489992536 5939476,80684700       818
349060,1063444074 5939465,17020759       819
349134,4792851247 5939450,73465115       820
349213,6812743154 5939460,20836504       821
349312,11733040004 5939433,00840119       822
349394,887381766 5939394,92005288       823
349538,9070759399 5939336,84966331       824
349621,2933751829 5939276,24069850       825
349655,8858931211 5939245,90728416       826
349736,59161976643 5939158,46030730       827
349758,2445378739 5939079,12964221       828
349790,70489592565 5939042,71242526       829
349839,7167198125 5939004,02729337       830
349887,57307806006 5938959,912564659       831
349915,2047005303 5938899,58600291       832
349910,73494286113 5938857,16032946       833
349898,5347851049 5938803,9999405       834
349886,38592014206 5938748,1943703       835
349894,83441592276 5938721,89626157       836
349966,4599615653 5938712,70043777       837
350035,28635664505 5938711,38882899       838
350095,9206833858 5938723,149448005       839
350143,5341952223 5938724,07277878       840
350191,38075243577 5938708,21832188       841
350271,6833268291 5938665,6955984       842
350275,04667709896 5938628,714214534       843
350255,1676239226 5938562,17389147       844
350261,68925478385 5938498,79179832       845
350257,52746599563 5938440,4947935       846
350266,59178860986 5938382,45437745       847
350317,00444467587 5938375,493549230       848
350372,1359866151 5938383,47355476       849
350438,5296677848 5938385,78912642       850
350460,51213107875 5938343,8764283       851
350432,49240245274 5938287,76290317       852
350414,8481840533 5938242,43532113       853
350417,7795630414 5938173,53706972       854
350440,2590591126 5938148,96971013       855
350468,6013731815 5938131,51702174       856
350481,4254170709 5938124,72591573       857
350519,26405725116 5938104,68826546       858
350563,5153325521 5938081,25484153       859
350686,58004401275 5938012,19480961       860
350739,5867205014 5938007,93066742       861
350818,7374094173 5938020,05086926       862
350892,80300885474 5938021,48773112       863
350975,16339304857 5938004,56226697       864
351392,38187845354 5937846,737873       865
351457,5367894105 5937828,68808036       866
351484,65605044627 5937794,813823014       867
351507,94231858023 5937754,86788625       868
351528,40932433226 5937654,70975639       869
351539,37355601054 5937498,79693954       870
351530,79484312877 5937395,42872541       871
351532,2883072528 5937340,93236637       872
351504,9098554583 5937315,51562935       873
351549,50282522046 5937274,57352347       874
351552,0833358596 5937252,94703205       875
351557,88088875724 5937236,169930208       876
351501,0274039919 5937156,69285525       877
351418,3827855445 5937051,88693830       878
351230,80236068636 5936900,05882839       879
351121,24482453166 5936817,49543986       880
351072,06212794443 5936762,0214470       881
351014,8939111025 5936707,98769010       882
350870,33072024863 5936657,55042665       883
350830,85767379333 5936646,19962466       884
350791,5873703861 5936639,57384376       885
350716,7211783007 5936632,1202333       886
350551,6429978414 5936634,9179656       887
350525,64900986134 5936634,41360123       888