738182,4416949631 6036038,78707324       64660
738175,1668117212 6036009,5218886       64661
738148,6653236555 6036011,56819885       64662
738121,7453716291 6036032,12372291       64663
738099,5757552944 6036076,59636071       64664
738058,7774014306 6036125,93875384       64665
738039,2519392096 6036170,471016196       64666
738004,9514310488 6036283,45262674       64667
737996,7660709374 6036347,8059648       64668
738010,762342291 6036392,1169471       64669
738024,0077830816 6036425,41231736       64670
738042,955641647 6036471,8349964       64671
738062,9932241535 6036514,28281192       64672
738086,2898692016 6036547,19712430       64673
738109,6686898142 6036566,24434046       64674
738131,5991904661 6036532,3486396       64675
738114,5249993111 6036468,47038321       64676
738110,8510277183 6036396,95848238       64677
738117,8132929545 6036323,0415560       64678
738124,7158469448 6036251,76880005       64679
738144,3609328441 6036201,94822076       64680
738161,7205027749 6036136,2027598       64681
738171,4679887235 6036116,7725279       64682
738186,6539528451 6036086,50167663       64683
738182,4416949631 6036038,78707324       64684