830185,2699199653 5989030,12238762       59745
830174,3111121659 5989027,86800922       59746
830160,258793107 5989029,54627949       59747
830146,1603878292 5989033,22544051       59748
830128,9454306869 5989041,83769306       59749
830110,683945344 5989052,4277895       59750
830099,4947060582 5989060,17785970       59751
830093,2385569736 5989071,04448114       59752
830088,9372079251 5989083,95807686       59753
830088,6606779217 5989095,96340348       59754
830093,2711436313 5989113,08616941       59755
830099,8824930678 5989130,25502377       59756
830106,5168833649 5989146,42343458       59757
830109,2186309225 5989159,49833523       59758
830112,874729812 5989174,5971671       59759
830114,5068941315 5989190,65035119       59760
830116,1160104619 5989207,70397690       59761
830119,4494627471 5989236,80900827       59762
830124,1059913707 5989251,93088102       59763
830128,8777469357 5989262,050539       59764
830137,6512723966 5989272,262381935       59765
830149,3800322213 5989284,54425053       59766
830164,156211318 5989294,89437527       59767
830181,0024150333 5989302,2892680       59768
830194,8933833755 5989307,61413802       59769
830210,8082852932 5989311,9846614       59770
830228,839310572 5989311,39906579       59771
830266,2705716884 5989294,24382975       59772
830273,5502460452 5989282,39983465       59773
830278,9212216099 5989266,507966652       59774
830280,2212783808 5989253,52523982       59775
830281,4982869903 5989241,54295573       59776
830284,8222772642 5989227,60587518       59777
830290,1241090498 5989214,71533064       59778
830290,4006703463 5989202,70999485       59779
830288,6532942601 5989191,65900944       59780
830282,9502304738 5989178,51494782       59781
830276,2928120086 5989163,34695034       59782
830250,5483236762 5989107,7002347       59783
830230,368608254 5989071,20025575       59784
830217,6624055648 5989057,8948823       59785
830206,9801353164 5989043,63515599       59786
830194,1587043016 5989035,3320139       59787
830185,2699199653 5989030,12238762       59788