754853,9866908963 6038176,23215474       66732
754843,2430885913 6038164,98775478       66733
754815,984656224 6038176,36659852       66734
754801,7191374827 6038188,04136458       66735
754792,4508922118 6038199,82994488       66736
754786,13548368 6038213,68572052       66737
754783,795127141 6038228,6320003       66738
754784,0661514914 6038260,63727691       66739
754776,6353206504 6038323,46623815       66740
754770,9551397243 6038353,33599632       66741
754767,721759159 6038370,33875309       66742
754759,8907049791 6038400,08260785       66743
754750,2127113997 6038429,86128226       66744
754737,581892797 6038457,57274981       66745
754729,7786899505 6038470,89460759       66746
754712,6844937443 6038497,004443740       66747
754692,1263734367 6038521,53541937       66748
754672,5677111663 6038546,08915089       66749
754650,1017644786 6038566,576782       66750
754613,438660137 6038595,74075331       66751
754511,7637577878 6038669,42244803       66752
754475,1007391099 6038698,58638523       66753
754451,635422946 6038719,05121486       66754
754430,123482968 6038741,56045910       66755
754419,8103310298 6038755,32507628       66756
754411,4505467793 6038771,1341099       66757
754412,1768317835 6038783,150226925       66758
754424,9112186346 6038793,72500289       66759
754439,917337789 6038800,60245610       66760
754456,7876885828 6038800,165733281       66761
754470,8482285321 6038797,48609123       66762
754500,0825825976 6038787,152342251       66763
754543,5596153659 6038766,14338279       66764
754600,1205536064 6038741,43257747       66765
754628,4465691706 6038727,07828062       66766
754652,8886291268 6038707,63568099       66767
754675,4000977897 6038685,14920021       66768
754717,4474801412 6038639,108472547       66769
754739,9362102621 6038617,621420491       66770
754779,7115556925 6038583,52852369       66771
754799,1108963205 6038565,97096171       66772
754820,6002084563 6038544,46112337       66773
754842,1122948453 6038521,95182745       66774
754861,6937838629 6038496,39863789       66775
754877,3002377959 6038469,75492391       66776
754886,9555132568 6038440,97570108       66777
754892,6585090812 6038410,106500       66778
754895,0216621511 6038394,16078654       66779
754897,726293688 6038363,22327354       66780
754898,4547784335 6038331,24076709       66781
754897,1615843113 6038300,21217504       66782
754890,5773571192 6038238,06390860       66783
754871,362250727 6038203,62717605       66784
754853,9866908963 6038176,23215474       66785