737877,7642726873 6034977,27794798       64506
737869,8435766916 6034951,280048       64507
737867,3876421065 6034919,47811216       64508
737855,6993595939 6034874,76884603       64509
737846,2415916487 6034823,58270453       64510
737778,166279438 6034793,65039212       64511
737718,5240241847 6034763,73082177       64512
737680,8061310877 6034747,00519124       64513
737629,7508512283 6034758,55010061       64514
737587,9278716615 6034783,00230471       64515
737568,0293706631 6034820,64847110       64516
737583,5359809849 6034836,87206300       64517
737630,4143847816 6034869,67785948       64518
737674,1914523348 6034899,23886309       64519
737679,963867621 6034924,76652642       64520
737641,2422190554 6034952,46325863       64521
737628,1402444717 6034953,47513752       64522
737577,6383725422 6034957,37525897       64523
737498,4561756866 6034949,23673629       64524
737429,4384098481 6034912,75623763       64525
737405,3446902061 6034855,0682991       64526
737342,027664734 6034847,288312416       64527
737290,5424231914 6034877,87149308       64528
737276,9183887059 6034918,83399221       64529
737266,0372146125 6034978,90622295       64530
737273,9669288466 6035012,38220204       64531
737283,4263261437 6035052,31578548       64532
737349,0558590982 6035098,24350066       64533
737418,5037507091 6035115,6860006       64534
737501,073799839 6035114,37720085       64535
737600,0109860455 6035091,21579620       64536
737695,7752545353 6035067,98284055       64537
737766,2988934302 6035037,83013386       64538
737834,661170015 6035026,29817460       64539
737847,1279831098 6035009,41386634       64540
737852,8310170256 6035001,689941       64541
737858,6963546822 6034995,94716131       64542
737877,7642726873 6034977,27794798       64543