477594,6560885282 5284692,57905797       89
477721,51291017595 5284629,11490241       90
477843,2888185566 5284491,53835935       91
477918,5426920374 5284302,78380983       92
477956,12963502086 5284274,48395480       93
477982,4806867311 5284214,2350597       94
477988,98958101467 5284154,89888821       95
477945,7232538448 5284138,1486758       96
477971,2704748605 5284052,773627724       97
478030,7426705373 5284052,67751228       98
478094,3792376996 5283850,46869683       99
478156,2571799672 5283541,1781972       100
478183,4935602609 5283502,09275583       101
478168,5125439797 5283459,49442805       102
478260,73924230685 5283352,87242054       103
478301,79154611623 5283316,71483412       104
478369,90605051053 5283168,38025684       105
478388,960032995 5283126,88606052       106
478366,8946994862 5282735,16175759       107
478347,93622924545 5282629,047798159       108
478650,1936497039 5282518,97902262       109
478798,5515824109 5282502,21195026       110
478799,4420293152 5282426,90253394       111
478799,24430840486 5282277,32596937       112
478801,45401876443 5282173,99853502       113
478763,58105701825 5282152,07383291       114
478773,4226418203 5282076,00423178       115
478781,55524721224 5282049,3643398       116
478817,62339799426 5281967,02987792       117
478692,6203427253 5281876,54713838       118
478664,9701027487 5281860,99327231       119
478637,21702088957 5281850,432039       120
478606,38608017965 5281843,80320147       121
478575,4522903648 5281842,16699307       122
478527,5023875868 5281842,17812684       123
478465,51138032123 5281844,896822629       124
478434,5158748089 5281846,256157299       125
478403,6232284065 5281842,62284403       126
478357,81438444316 5281835,68535224       127
478326,921742472 5281832,0520171       128
478249,036579445 5281830,44731189       129
478186,06760960084 5281832,14674609       130
478108,03841946786 5281837,53163408       131
478061,94153664564 5281844,57340644       132
477972,14682133286 5281872,29427770       133
477896,3900342784 5281895,68141414       134
477825,9239550116 5281929,11781411       135
477764,70758223307 5281975,43140881       136
477696,88914129115 5282034,29584540       137
477635,4111960317 5282093,29085108       138
477532,39211209636 5282167,28810512       139
477386,3012638964 5282249,21114271       140
477111,374804617 5282358,42664625       141
477011,9175744288 5282413,4670089       142
476906,1195504197 5282468,37649529       143
476826,40317625285 5282488,93489519       144
476756,59009300906 5282490,66725593       145
476652,68749850825 5282453,63628644       146
476574,9975273959 5282375,91371291       147
476510,5121047822 5282273,089795480       148
476446,1575547153 5282163,92525542       149
476365,88599234377 5282057,60423361       150
476256,8200930196 5281963,3761643       151
476131,77187157224 5281875,16179869       152
476013,39153519686 5281771,22649138       153
475907,5619381238 5281673,89334716       154
475810,85113477777 5281595,77837984       155
475682,2409908172 5281526,52026968       156
475516,04500274453 5281434,285109499       157
475393,7104494571 5281368,32785463       158
475280,2329898359 5281334,27005799       159
475162,9311619681 5281331,84987510       160
475051,3811234831 5281358,09322641       161
474920,5475491359 5281396,62532720       162
474735,695711216 5281444,33094694       163
474747,9525112808 5281492,26980172       164
474774,5635289373 5281593,97678031       165
474771,7723078204 5281680,82803809       166
474628,1585839671 5281717,82244360       167
474448,86366351787 5281837,99240566       168
474452,23755555495 5281964,92933294       169
474375,7159753839 5281974,94217       170
474369,54298503825 5282051,130718227       171
474831,460277867 5282128,59254649       172
475107,90932882845 5282141,28948502       173
475093,35163713375 5282265,85878925       174
475217,38539101393 5282306,37828100       175
475425,29301695724 5282461,25778432       176
475466,78974124696 5282419,70721648       177
475521,5225971156 5282507,4164121       178
475546,41234296095 5282585,67532552       179
475546,082800435 5282772,96469813       180
475718,2415566258 5282735,87613054       181
475727,08644278726 5282779,41152308       182
475529,55393907055 5283541,5436910       183
474935,9087104615 5283892,92191519       184
474860,28901865834 5284401,56111132       185
474845,03405760566 5284504,16986940       186
474962,75438057346 5284435,23420673       187
475180,10929387255 5284277,16595850       188
475212,19494016736 5284259,32596747       189
475255,19867639034 5284247,83943112       190
475310,43963322893 5284237,56464628       191
475352,79344274395 5284234,47364603       192
475393,55375604134 5284244,56550833       193
475435,0355562043 5284283,74653828       194
475480,09893969726 5284341,503490942       195
475522,95638997504 5284378,06980019       196
475571,2068034056 5284409,46105595       197
475642,18676837784 5284428,10555751       198
475721,1473613867 5284444,2714262       199
475765,7345075305 5284461,049827781       200
475810,4852395589 5284469,9022013       201
475855,6717985948 5284457,61848672       202
476103,3401004668 5284367,57358841       203
476096,3130891603 5284323,81696740       204
476075,6674142577 5284299,60308742       205
476016,46745255444 5284286,48811023       206
475992,009021512 5284190,83109466       207
476045,8842332519 5284141,72281494       208
476079,7537868049 5284101,45286588       209
476137,2378127889 5284069,599260041       210
476205,28984467516 5284037,96356470       211
476251,98793533735 5284016,46003135       212
476292,5440900098 5283972,36323374       213
476472,55395844084 5283958,89479336       214
476535,17197873764 5283998,51108680       215
476770,5414340119 5284056,22624688       216
476768,28100183787 5284165,86924782       217
476730,3397126141 5284211,34174426       218
476723,4127824391 5284312,39620561       219
477302,2033400917 5284536,11031243       220
477392,9232781413 5284669,91949975       221
477535,75524584745 5284664,93382240       222
477594,6560885282 5284692,57905797       223