766762,4180341874 6051831,15621630       65027
766710,6764473817 6051751,39097835       65028
766657,4582512296 6051735,88144427       65029
766639,3504739582 6051773,22358024       65030
766616,4682165823 6051809,94391111       65031
766566,819749393 6051794,516452271       65032
766531,7784911944 6051765,13806602       65033
766528,7829301903 6051740,06783312       65034
766501,9141043783 6051662,07266231       65035
766485,8887269355 6051619,7072569       65036
766479,4899572881 6051593,56197180       65037
766457,8373747226 6051563,42713448       65038
766433,6692600029 6051527,15540943       65039
766409,911320836 6051473,034901625       65040
766417,6249134454 6051448,21058587       65041
766454,1428099641 6051413,33317440       65042
766446,2220633685 6051291,71507866       65043
766428,7012972855 6051277,02595822       65044
766396,2453737282 6051290,56686620       65045
766370,354831558 6051329,26018208       65046
766333,5910323672 6051374,84699415       65047
766306,6343302347 6051459,9470648       65048
766287,063217944 6051534,501955952       65049
766281,4430075842 6051623,663729941       65050
766268,7652354917 6051709,091713021       65051
766245,460364927 6051790,7037877       65052
766225,6430264323 6051875,96745594       65053
766223,9205260628 6051950,93208810       65054
766235,0825403045 6052086,91019139       65055
766240,4172967116 6052165,60838486       65056
766260,9333518296 6052205,36762194       65057
766299,6261638193 6052231,25813292       65058
766337,7447095367 6052282,13671005       65059
766397,2815967964 6052333,507641803       65060
766460,552267896 6052377,82117282       65061
766498,7527192801 6052425,13008743       65062
766529,8957828744 6052468,70527854       65063
766564,9366597682 6052498,08364202       65064
766607,2811178254 6052520,48663435       65065
766632,2691495185 6052521,06099877       65066
766657,9957658814 6052489,50773217       65067
766684,1326566032 6052440,10589362       65068
766714,413580996 6052365,797788111       65069
766786,2591936103 6052192,4394675       65070
766801,6047933195 6052146,36103616       65071
766786,257673507 6051881,7071417       65072
766762,4180341874 6051831,15621630       65073