642525,7719622869 6031084,52588741       63428
642415,7558331002 6030994,4153252       63429
642327,8933118754 6031090,18226111       63430
641958,6542099966 6031203,1415756       63431
641928,8754825548 6031212,25164866       63432
641900,8843441512 6031177,676765379       63433
641813,4921650065 6031057,37612701       63434
641789,6312981492 6031024,53024494       63435
641728,7545706513 6030935,07951167       63436
641718,236279321 6030919,62417556       63437
641700,6290741852 6030893,7527483       63438
641632,891676909 6030764,25164717       63439
641580,1438682011 6030666,4303464       63440
641516,3260239416 6030597,11061182       63441
641449,6129967559 6030540,792439735       63442
641362,7071703083 6030461,64550938       63443
641349,6851477036 6030449,78615390       63444
641327,7099326681 6030442,16728564       63445
641269,2904525008 6030421,91305722       63446
641188,6689977814 6030404,48657524       63447
641105,5492937095 6030381,78028053       63448
641050,9878881011 6030367,53216527       63449
640957,0249422524 6030362,88089883       63450
640886,453556623 6030363,96290796       63451
640769,0991254929 6030353,57861637       63452
640644,0230419629 6030337,80120025       63453
640611,8229759482 6030341,69072781       63454
640533,9937395055 6030351,09203317       63455
640379,5099215673 6030366,03172042       63456
640282,9355268867 6030361,32440214       63457
640204,8126454172 6030349,17866420       63458
640194,4208494695 6030345,68220755       63459
640121,8062651359 6030321,24989528       63460
640071,5619790857 6030348,90194438       63461
639984,9245958362 6030367,92619987       63462
639880,0623435213 6030383,94255286       63463
639765,2633024694 6030376,2276445       63464
639722,8541373813 6030404,049672103       63465
639654,7815145551 6030410,41237743       63466
639526,5846236708 6030418,08447612       63467
639403,837572952 6030415,42337214       63468
639236,126586947 6030437,91630023       63469
639158,173784813 6030417,93651198       63470
639063,8151974152 6030431,56827637       63471
639013,7412383852 6030451,38583074       63472
638945,7821777873 6030452,5256664       63473
638838,4787314887 6030460,65138378       63474
638752,1250491539 6030466,6183808       63475
638671,5040842975 6030449,1939061       63476
638587,4225019489 6030470,88735375       63477
638503,7371532338 6030474,29950024       63478
638418,1193342406 6030446,31559195       63479
638402,1665507017 6030459,03420206       63480
638344,4277225051 6030470,84721827       63481
638265,909131737 6030476,98436251       63482
638192,7836055263 6030475,39983980       63483
638104,1580659561 6030465,64094591       63484
638028,534112187 6030458,77668622       63485
637975,8490617579 6030447,11350343       63486
637958,6282498653 6030445,01371622       63487
637935,2396818125 6030442,16196795       63488
637882,8178232692 6030418,63204858       63489
637834,2057604672 6030403,07543688       63490
637828,2287532676 6030401,16270029       63491
637753,8198480236 6030358,834034706       63492
637707,5025675766 6030335,43646168       63493
637675,0326437274 6030330,66136651       63494
637584,2196492318 6030387,7332303       63495
637539,0114507183 6030407,11228080       63496
637582,6768339829 6030458,9539498       63497
637606,6104205378 6030481,86655784       63498
637527,6100818005 6030557,51675573       63499
637502,1705249214 6030510,14164203       63500
637486,1288938224 6030521,26244962       63501
637374,024788687 6030598,978035225       63502
637354,1169027388 6030578,18860251       63503
637336,1555936458 6030561,51291889       63504
637309,9227051736 6030550,765545011       63505
637267,3666473331 6030541,70050829       63506
637228,6159157213 6030544,93275534       63507
637187,4336891649 6030566,43485934       63508
637143,8198865667 6030606,20680132       63509
637120,2463349985 6030660,6634967       63510
637095,0345273735 6030696,76219971       63511
637014,0440255788 6030770,33351340       63512
636943,9771908823 6030809,53236629       63513
636872,2721206328 6030830,37340841       63514
636781,7245282627 6030875,236286364       63515
636661,841021191 6030934,37324889       63516
636602,8407235098 6030956,86659381       63517
636568,5081344272 6030958,98029624       63518
636560,7143169864 6030959,46013085       63519
636529,4534857038 6030961,38481736       63520
636505,2555295265 6030950,68173218       63521
636476,2828086943 6030972,44829128       63522
636439,3818608372 6030993,01978532       63523
636433,6258971868 6030996,2285411       63524
636416,522795968 6031005,76313459       63525
636326,561073988 6031027,16249608       63526
636275,3245637438 6031039,35026727       63527
636164,7373769236 6031069,52877103       63528
636093,2530939598 6031080,19585846       63529
636011,9029454922 6031076,3987862       63530
635974,5267008261 6031110,19827890       63531
635959,3134764831 6031154,65664398       63532
635944,0563015598 6031201,14990490       63533
635932,2079302681 6031278,25395164       63534
635955,7009091544 6031321,51448751       63535
635993,1294473435 6031379,327301       63536
636034,3633095843 6031449,43729389       63537
636067,5017284821 6031517,33622845       63538
636069,9412265159 6031592,71367360       63539
636079,9912958347 6031692,685388803       63540
636080,2635789984 6031804,91509109       63541
636080,6844596507 6031824,21923410       63542
636079,6461935106 6031872,16747309       63543
636088,7914494066 6032001,87126164       63544
636075,537698085 6032119,38433131       63545
636056,0749433248 6032193,92640030       63546
635993,2552432007 6032292,51736719       63547
635948,5848339505 6032377,222541125       63548
635921,7544075114 6032462,31385656       63549
635916,1002418213 6032558,57275200       63550
635947,2850529929 6032602,08421079       63551
635963,27073832 6032688,102640348       63552
635986,3922058732 6032774,27555040       63553
636035,2624364157 6032825,30927073       63554
636097,4000006426 6032923,03608422       63555
636163,1826204672 6033017,27225560       63556
636217,8747783217 6033129,1164253       63557
636278,77536943 6033283,93107105       63558
636301,8964037135 6033370,103627047       63559
636310,1270680199 6033484,510955770       63560
636333,1706833799 6033574,25138051       63561
636327,4385239359 6033674,0773832       63562
636323,1553866923 6033871,38714092       63563
636276,9708499991 6034026,37856061       63564
636250,2947226784 6034104,33259777       63565
636206,8608662661 6034131,94876603       63566
636194,1595750747 6034129,97438635       63567
636153,4960403764 6034123,65342362       63568
636064,6836476797 6034103,88139804       63569
636029,4678388566 6034081,70077625       63570
635990,1430425718 6034084,41859669       63571
635975,3301495098 6034109,08516092       63572
635984,2718179368 6034120,300289310       63573
636010,082326842 6034152,67349059       63574
636038,0075905499 6034181,83536222       63575
636047,6294494158 6034232,01860920       63576
636035,7661980387 6034285,30596056       63577
635974,0290255026 6034333,94336716       63578
635912,6010630182 6034368,30891472       63579
635905,7603465426 6034409,81961683       63580
635949,2206346253 6034490,46916368       63581
635972,8050158574 6034555,23314797       63582
635974,9817250882 6034619,53325537       63583
635973,2039973455 6034701,59579691       63584
635983,9201658154 6034866,02987026       63585
635893,9614010159 6035063,97862153       63586
635853,786743327 6035105,9434478       63587
635796,1589993165 6035129,68221723       63588
635732,0910347134 6035121,15510356       63589
635686,0946152902 6035102,3107667       63590
635651,1883278611 6035065,85873010       63591
635605,2690659462 6035043,44649381       63592
635515,9164966677 6035048,65017883       63593
635438,5703418644 6035078,26687678       63594
635382,2034936575 6035124,28494692       63595
635363,6684333498 6035156,00983203       63596
635366,2317406171 6035202,46999254       63597
635372,3628672962 6035249,00731196       63598
635367,7130215969 6035298,88079937       63599
635342,1195104055 6035326,88304039       63600
635277,3562383451 6035350,46738765       63601
635190,4901050635 6035405,69918668       63602
635125,1860248398 6035454,25890037       63603
634848,3717509193 6035544,64230280       63604
634627,0079319616 6035546,98786928       63605
634574,493947415 6035499,44639754       63606
634561,2267320665 6035452,75474754       63607
634583,9474399715 6035392,56407998       63608
634641,7290616697 6035361,68915165       63609
634667,2450670641 6035337,25464332       63610
634639,7062724191 6035290,25388060       63611
634591,2234595827 6035221,382278101       63612
634556,8577564866 6035159,95542430       63613
634540,2542643396 6035102,48273285       63614
634537,7678411009 6035052,45476400       63615
634505,1932388172 6035073,16696091       63616
634464,9420735392 6035118,70000892       63617
634456,4157673805 6035182,76776067       63618
634455,1025385194 6035243,4220539       63619
634446,2673216148 6035321,76128378       63620
634484,6644087927 6035361,85788451       63621
634498,0089349196 6035404,981536102       63622
634496,5411299262 6035472,77153063       63623
634463,3485144617 6035522,026765658       63624
634420,3021794392 6035531,80336272       63625
634394,9406837743 6035549,10203348       63626
634342,9044730961 6035644,35341873       63627
634302,7307688901 6035686,31827862       63628
634233,7823702707 6035738,36883383       63629
634129,2324493662 6035786,07893247       63630
634024,9143760598 6035823,08550081       63631
633945,8032515872 6035849,92923486       63632
633849,1617934608 6035862,11526875       63633
633759,8877629936 6035863,75228352       63634
633700,3152218757 6035812,48910927       63635
633641,051539384 6035746,9545073       63636
633594,746501075 6035742,38276490       63637
633402,3903176804 6035723,94116010       63638
633311,1700781147 6035650,57612996       63639
633258,3469724029 6035617,30710500       63640
633198,3880625254 6035583,88358442       63641
633132,297052655 6035503,92339994       63642
633171,6045711682 6035337,00522521       63643
633187,4975213886 6035262,38857522       63644
633181,8286439292 6035194,44443210       63645
633183,1411432582 6035133,79037032       63646
633173,5182986793 6035083,60827812       63647
633142,2565804876 6035043,66667105       63648
632994,6803816898 6035003,30586786       63649
632924,589053652 6035272,80017064       63650
632888,4170785666 6035263,40175124       63651
632827,59408264 6035247,59842790       63652
632783,7291715628 6035283,72262643       63653
632246,8475504413 6035167,40142652       63654
632155,3559476695 6035143,21201387       63655
632079,7900143233 6035116,19411915       63656
631979,4698788908 6035060,08461553       63657
631872,9439601267 6034997,49516386       63658
631813,7153027253 6034948,62034510       63659
631792,4753000496 6034903,739992293       63660
631759,9898243875 6034791,9849084       63661
631738,8869085538 6034740,76163153       63662
631701,3095236947 6034717,73855931       63663
631593,8916580305 6034696,37816214       63664
631525,4531525484 6034692,77843849       63665
631515,2267759163 6034703,55013947       63666
631505,9560854441 6034716,34119694       63667
631471,826784929 6034769,56796266       63668
631455,2615844933 6034796,19213379       63669
631437,7191096534 6034821,79582173       63670
631427,4495572643 6034834,56526710       63671
631364,1964259982 6034896,55491003       63672
631326,2136387795 6034904,62974144       63673
631299,6822056893 6034897,38408537       63674
631174,0199886404 6034799,60531529       63675
631157,8802273525 6034769,77361503       63676
631140,865330851 6034733,82149094       63677
631119,5486794617 6034691,10443443       63678
631118,2868130566 6034646,59687454       63679
631138,9060058189 6034515,82551462       63680
631133,3904228171 6034462,32983191       63681
631100,9982900284 6034356,81516875       63682
631096,3061803962 6034342,72285889       63683
631092,6345436416 6034327,65325853       63684
631089,3083865484 6034296,6015409       63685
631088,0015818438 6034264,59411764       63686
631090,6903043785 6034232,67305457       63687
631114,6575622361 6034114,888260202       63688
631144,023448769 6034077,447670286       63689
631201,9324926162 6034040,624077328       63690
631253,2929825205 6034013,17785576       63691
631409,7233682863 6033968,96527673       63692
631499,2102317594 6033939,17030932       63693
631575,7369287102 6033921,78708951       63694
631648,54374943 6033929,70709150       63695
631717,3561510236 6033975,61628687       63696
631751,4195179262 6034014,42828678       63697
631782,1742470923 6034059,51454978       63698
631819,820380156 6034079,366342152       63699
631848,70655142 6034064,12619971       63700
631849,7351951841 6034016,55409793       63701
631867,4440872895 6033931,26711770       63702
631906,5990560286 6033881,3463915       63703
631986,9833213604 6033832,3171509       63704
632032,6870686021 6033773,01911602       63705
632074,8763849773 6033729,50986013       63706
632087,9052994691 6033713,9266877       63707
632063,5620523653 6033665,80576063       63708
632081,1339194814 6033586,86151943       63709
632114,7004757822 6033501,91703613       63710
632160,4043833963 6033442,61879512       63711
632269,0581674596 6033406,89256842       63712
632400,2555308389 6033355,78904573       63713
632467,4742674802 6033328,68591221       63714
632527,9385311563 6033320,47449624       63715
632549,4532020723 6033352,66966873       63716
632571,1049413516 6033378,52175126       63717
632616,0546909333 6033354,11007085       63718
632648,7300355063 6033310,39494822       63719
632697,331488173 6033263,85127275       63720
632761,4475115947 6033233,508155148       63721
632797,2944507225 6033189,8615864       63722
632823,9697849432 6033130,15159453       63723
632799,146510057 6033104,23080434       63724
632760,8139880704 6033116,0936934       63725
632725,1728329326 6033150,22580136       63726
632680,3601577466 6033168,29452193       63727
632623,2044519647 6033170,23139050       63728
632591,8322920003 6033153,68799349       63729
632547,499872905 6033149,55626150       63730
632467,3891508982 6033185,89969195       63731
632291,5161933237 6033248,72914255       63732
632215,0573358936 6033262,94069663       63733
631873,4614608804 6033506,21979664       63734
631611,9085512192 6033716,32676350       63735
631482,992545048 6033808,72854080       63736
631277,6870870205 6033912,17074736       63737
631258,8353412319 6033925,63045252       63738
630997,3134774589 6034112,35177618       63739
630818,3554995323 6034223,74804995       63740
630796,6576300247 6034238,03565610       63741
630665,9235124697 6034324,12183305       63742
630541,2088250075 6034369,02043929       63743
630387,1973111525 6034448,18823383       63744
630277,7233560567 6034521,972613689       63745
630205,9641001332 6034612,43665798       63746
630177,6387729994 6034655,65093189       63747
630123,9369075967 6034737,58085139       63748
630063,9042466236 6034872,718784790       63749
630019,1805175827 6035033,57073714       63750
629984,5193468567 6035169,25650848       63751
629951,7220420144 6035329,31868431       63752
629957,7807714158 6035525,62958003       63753
629964,7200299927 6035611,539426560       63754
629970,2966070333 6035680,57831493       63755
630001,1770971458 6035903,34758112       63756
630034,8220456956 6036181,70137133       63757
630073,3959483072 6036598,9738856       63758
630107,8967562559 6036837,68398573       63759
630135,5827703397 6037024,68748133       63760
630149,7477522402 6037286,753411028       63761
630170,555227543 6037608,45299751       63762
630171,0055216427 6037771,07029402       63763
630160,848791631 6037873,96754114       63764
630166,0344505153 6038000,99261059       63765
630182,9411512344 6038136,202890418       63766
630207,6903401227 6038275,54875194       63767
630217,8685467783 6038355,08907519       63768
630271,6733804498 6038618,0091135       63769
630277,5444319423 6038713,32015730       63770
630287,6366019375 6038796,82438162       63771
630281,7865710633 6038883,94983208       63772
630251,2747674054 6039011,28976113       63773
630238,0303430294 6039073,37120082       63774
630268,0288962752 6039153,33971016       63775
630363,5517085289 6039504,41177457       63776
630456,2240206326 6039803,86380285       63777
630531,3046154435 6039999,8198928       63778
630583,543474059 6040151,65622217       63779
630664,6648509605 6040434,99356295       63780
630751,7221820701 6040627,24211641       63781
630827,3156931854 6040799,41290439       63782
630918,164796383 6040999,67515474       63783
630990,3082738293 6041147,97553116       63784
631085,2922588573 6041340,39507334       63785
631303,024243098 6041908,26644188       63786
631393,5276431293 6042124,38380038       63787
631494,3508530118 6042365,81957239       63788
631588,4024189417 6042528,34965222       63789
631686,4856299516 6042697,84747093       63790
631846,7083339216 6042990,82529093       63791
631981,0706602418 6043195,99402116       63792
632127,4101486461 6043397,45623792       63793
632304,9456956434 6043623,38927035       63794
632420,8600768457 6043764,70480397       63795
632564,0066336341 6043930,40546584       63796
632707,238601811 6044092,14220992       63797
632877,5308709438 6044286,1921331       63798
633036,0164584199 6044476,02049163       63799
633210,3572508823 6044666,19270221       63800
633334,1110076524 6044811,64444677       63801
633396,5033743815 6044860,58665488       63802
633478,4576063876 6044921,85041276       63803
633539,6630086525 6044991,87402635       63804
633559,724324442 6045014,82580477       63805
633582,6700315005 6045022,25527375       63806
633599,1060912246 6045027,57699063       63807
633667,7248817781 6045077,5530691       63808
633688,9020533459 6045092,976665609       63809
633759,6516937972 6045122,27128384       63810
633814,8032578076 6045139,33020942       63811
633839,1025725459 6045116,06208276       63812
633848,9561771672 6045094,38085053       63813
633901,569893525 6044978,61275208       63814
633987,0475828595 6044877,354537046       63815
634074,0215064281 6044807,45516031       63816
634087,951542418 6044796,25987080       63817
634220,3097460862 6044727,74462617       63818
634364,3020600034 6044671,37935725       63819
634531,9067137036 6044623,4578083       63820
634671,2478267342 6044598,71864403       63821
634818,2591174825 6044586,0435614       63822
634857,9849807932 6044582,93925056       63823
634879,9085737698 6044578,91903410       63824
634993,3624511696 6044558,11448253       63825
635176,0500189579 6044546,21366046       63826
635330,3877536355 6044561,4591634       63827
635472,8336168022 6044576,446821053       63828
635552,3715794173 6044566,27484938       63829
635686,2353151867 6044582,1224558       63830
635699,7203353842 6044550,04094443       63831
635714,9189259626 6044513,88269832       63832
635767,3970609914 6044471,39666970       63833
635894,9332342473 6044442,43693677       63834
635998,341473756 6044428,81714476       63835
636101,405706569 6044431,05355100       63836
636232,6481577351 6044414,07224403       63837
636419,7311322404 6044382,43924658       63838
636501,6756767012 6044376,17590587       63839
636623,6349095255 6044366,85425328       63840
636706,0007400098 6044348,99360088       63841
636801,2233162647 6044347,0945257       63842
636900,582087896 6044337,35355046       63843
636956,8112465483 6044338,57412539       63844
636967,9705228497 6044338,81636510       63845
637016,4853900044 6044296,24471130       63846
637104,8986783568 6044242,64145302       63847
637229,0745180137 6044185,84863952       63848
637373,1567989208 6044125,52221594       63849
637528,7011303264 6044085,2742153       63850
637616,1682100424 6044075,27566596       63851
637691,4851539447 6044076,91102804       63852
637755,6759396128 6044044,6917413       63853
637875,4667209387 6044005,55361999       63854
637910,0174483763 6043996,93199791       63855
638050,918053295 6043961,7725986       63856
638194,3127766689 6043933,15926834       63857
638354,8182525627 6043922,07568613       63858
638369,0756843513 6043921,09116913       63859
638384,4745813248 6043918,23050116       63860
638560,2116863301 6043885,58332228       63861
638754,6230735003 6043881,87444521       63862
638818,6726857978 6043883,26580072       63863
638905,2576542182 6043885,14675610       63864
639004,6178059129 6043875,40747492       63865
639167,6614268421 6043855,15412612       63866
639185,8484011947 6043853,23281163       63867
639292,2419478452 6043841,99345717       63868
639354,4898229893 6043835,41769707       63869
639449,886105684 6043825,59266220       63870
639545,6268968536 6043799,91141215       63871
639564,8402087239 6043791,762576573       63872
639625,6838483787 6043765,95750714       63873
639709,0157415591 6043763,8023938       63874
639794,7144984686 6043767,98344456       63875
639855,6008153306 6043770,953993862       63876
639958,2363005782 6043793,01441029       63877
640041,0513324793 6043814,64414498       63878
640152,1319412353 6043813,09250573       63879
640244,0814608941 6043779,39748592       63880
640344,3901825612 6043726,05436804       63881
640492,1819498106 6043677,7093875       63882
640564,3975528707 6043639,61960918       63883
640632,7795817227 6043583,21328683       63884
640681,5110194976 6043543,0160973       63885
640854,4670121627 6043431,762681900       63886
640974,6832120677 6043374,88658985       63887
641034,157705879 6043357,11898764       63888
641098,4327908215 6043337,9172582       63889
641218,9941010458 6043265,18473273       63890
641315,3398956675 6043211,75569289       63891
641403,8437663091 6043154,19010042       63892
641483,9883816094 6043116,27278702       63893
641563,7883488713 6043094,21211342       63894
641668,0628267882 6043040,95558692       63895
641728,904330187 6042978,82240185       63896
641754,2409330759 6042907,985109732       63897
641735,0236602722 6042879,80504339       63898
641699,7774038262 6042859,20842480       63899
641708,8263805704 6042807,84687056       63900
641766,4796736682 6042709,95004669       63901
641823,7883147267 6042627,90972198       63902
641899,9694280633 6042589,90610870       63903
642020,8771570793 6042501,31679589       63904
642149,2824477756 6042432,72066247       63905
642224,3077481721 6042382,59783003       63906
642281,5658414685 6042368,17501028       63907
642335,9272285212 6042356,25205691       63908
642457,2829106436 6042312,50636081       63909
642612,7482799295 6042276,22755265       63910
642670,5985217522 6042257,67677884       63911
642728,571971115 6042239,086533437       63912
642869,0432879883 6042162,82123514       63913
643060,8769463452 6042095,60547210       63914
643196,6945689033 6042050,9676139       63915
643394,8374017724 6041967,23201929       63916
643481,3182519462 6041929,84960414       63917
643531,8884124528 6041902,39416858       63918
643606,9672229784 6041896,88905150       63919
643724,7819230042 6041895,88340150       63920
644017,6301050544 6041950,14256650       63921
644068,5161722554 6041951,99442465       63922
644116,7060487429 6041993,67531789       63923
644184,2813441212 6042078,10343223       63924
644252,0775425697 6042152,37821546       63925
644296,9196778834 6042192,29334687       63926
644328,518920481 6042218,37622993       63927
644382,2272162946 6042239,86144976       63928
644436,1933780239 6042249,50129497       63929
644466,5792454575 6042253,54882954       63930
644555,5314683073 6042211,46731902       63931
644593,7177660789 6042168,28067412       63932
644623,7378234174 6042111,37211162       63933
644640,14651943 6042057,55320240       63934
644647,1021272462 6041971,36140555       63935
644627,1321213993 6041799,932847436       63936
644619,2992854724 6041633,36360396       63937
644621,0080152616 6041554,87173457       63938
644637,7646452413 6041441,01232671       63939
644686,2433833188 6041345,69079644       63940
644749,8368024975 6041229,57220033       63941
644811,4328375069 6041169,94028441       63942
644854,4676726321 6041132,87218173       63943
644884,1875952621 6041107,27283362       63944
644957,175368483 6041033,901697786       63945
645029,2312343627 6041003,34469962       63946
645074,4233841448 6040978,47812534       63947
645097,87455635 6040965,57432871       63948
645145,4216933904 6040913,06655657       63949
645186,2215470623 6040842,56408686       63950
645187,9654673111 6040836,7775825       63951
645205,4589879182 6040778,731221301       63952
645239,6089189887 6040674,70944154       63953
645258,9821611542 6040615,69766117       63954
645290,942788006 6040459,3332982       63955
645311,8631186865 6040363,28874094       63956
645315,6277928721 6040346,00522582       63957
645322,6704849614 6040313,67242819       63958
645350,0282305065 6040235,95673564       63959
645395,251937174 6040089,38002289       63960
645467,0697809226 6039866,08928383       63961
645493,9989681605 6039776,73369296       63962
645513,6315515726 6039701,21013828       63963
645548,9012063364 6039550,07586116       63964
645562,2143147327 6039489,40490870       63965
645595,8327327708 6039368,21510716       63966
645617,441377662 6039293,73359948       63967
645632,4043425837 6039249,08815751       63968
645643,0238345067 6039220,33790142       63969
645657,6823693409 6039189,67684486       63970
645716,0140493037 6039034,80719644       63971
645803,8237983631 6038800,41300835       63972
645854,4906357601 6038643,97842107       63973
645921,9321871402 6038440,647318060       63974
645971,228008708 6038347,19763984       63975
646031,73376255 6038281,561040305       63976
646115,687725522 6038224,31182297       63977
646364,6966039371 6038066,79007601       63978
646462,9717831895 6038011,31854732       63979
646558,9932283505 6037942,51665964       63980
646672,304221437 6037803,19850702       63981
646760,4528425089 6037734,22500406       63982
646828,8327255571 6037668,75966830       63983
646909,2797338128 6037591,74149161       63984
646982,2821838222 6037494,86864475       63985
647039,0238039591 6037421,27260974       63986
647093,200477932 6037284,60462583       63987
647143,8692372133 6037128,16735596       63988
647213,0212108602 6037027,27168925       63989
647289,6179075271 6036946,23057482       63990
647313,4419521865 6036927,83056314       63991
647342,7058258568 6036905,22915488       63992
647393,7714912858 6036865,78960707       63993
647454,0217115269 6036811,96217584       63994
647506,7415569581 6036742,21663653       63995
647531,8189860241 6036675,807660948       63996
647581,1235377283 6036401,18309848       63997
647609,0347605925 6036185,187401419       63998
647652,7691637311 6036004,94877320       63999
647656,5153203639 6035968,20512374       64000
647662,7857236485 6035906,70265389       64001
647709,834092494 6035762,07204929       64002
647718,6977228238 6035733,72037908       64003
647729,3395633271 6035703,97008308       64004
647740,9585821659 6035675,24045746       64005
647767,4427661231 6035603,52703541       64006
647801,6531616107 6035529,38525071       64007
647885,3501901901 6035456,243065122       64008
647929,9540284908 6035375,10998723       64009
647989,2186568306 6035276,44730387       64010
648048,5610690964 6035174,21642637       64011
648107,1265556078 6035107,66628117       64012
648158,8668253898 6035026,68830570       64013
648229,9238099677 6034878,30513588       64014
648301,1364255451 6034722,78561060       64015
648348,9203130796 6034659,57005775       64016
648508,6362456863 6034538,10575235       64017
648606,9176882711 6034451,00126041       64018
648661,9934318031 6034380,80482411       64019
648723,5060964718 6034342,87671387       64020
648788,4315181822 6034312,16247903       64021
648865,3047180093 6034224,59168594       64022
648950,0137532965 6034105,0631160       64023
649005,9448537636 6033995,61699942       64024
649065,5217937133 6033882,68042042       64025
649060,8723962413 6033768,34481697       64026
649105,0795340542 6033679,13735796       64027
649118,5132835308 6033580,3992476       64028
649169,6397173698 6033363,75275041       64029
649216,8871589953 6033161,30064004       64030
649264,290042421 6032951,71183718       64031
649291,9870807936 6032827,37000678       64032
649315,4942603953 6032731,4957179       64033
649345,90460512 6032646,48122470       64034
649393,4565581483 6032593,96885469       64035
649451,3244883505 6032559,53047477       64036
649505,5465545651 6032528,58248362       64037
649553,020927107 6032479,63827110       64038
649554,0312029652 6032433,2518592       64039
649601,8230666973 6032205,82044018       64040
649644,5702164602 6032046,10649112       64041
649694,22060962 6031897,25225483       64042
649757,6776998544 6031770,11798285       64043
649852,3940359314 6031682,93318582       64044
649943,4644787525 6031599,238852709       64045
650045,3174963447 6031512,20948362       64046
650064,7906498301 6031437,66532744       64047
650055,5626245412 6031369,63597483       64048
650047,4225641417 6031251,65133624       64049
650053,2443873595 6031148,250327       64050
650085,909032637 6030959,75545785       64051
650112,751799755 6030874,66171923       64052
650128,6566650616 6030800,0393616       64053
650115,6270600348 6030742,63660036       64054
650069,9391839437 6030709,5122112       64055
650013,2357688071 6030690,42769164       64056
649941,4045586322 6030710,28310169       64057
649836,9154411965 6030754,41687400       64058
649750,733716324 6030777,52982488       64059
649604,1250743186 6030788,61725866       64060
649489,7861123203 6030793,26766326       64061
649407,2505460789 6030812,89026733       64062
649293,4554860616 6030792,56319920       64063
649200,2152677234 6030811,95289502       64064
649131,5644656165 6030849,72753857       64065
649031,1103120202 6030872,53022555       64066
648942,8334547444 6030875,18028988       64067
648795,6850418384 6030863,835689153       64068
648706,168720962 6030876,16691282       64069
648541,1762068744 6030911,84490181       64070
648365,6346050317 6030940,15374925       64071
648193,6614457361 6030968,54038036       64072
647978,4039969606 6031017,40478409       64073
647608,3169129812 6031127,158926       64074
647453,1764555402 6031202,32121086       64075
647367,0740794276 6031221,86736039       64076
647298,5797445725 6031252,50630407       64077
647254,3642230019 6031315,80229324       64078
647210,5368556466 6031361,25721486       64079
647141,9651586616 6031395,46426735       64080
647063,232235295 6031404,46126520       64081
646955,7210008877 6031423,5418977       64082
646862,2498075486 6031453,63755735       64083
646736,0441709493 6031511,58025026       64084
646609,993926999 6031562,38661894       64085
646557,2305448065 6031576,7360968       64086
646534,6373356222 6031582,8805665       64087
646451,985561795 6031605,35837932       64088
646340,751492403 6031631,49822126       64089
646204,9284055193 6031639,25408332       64090
646061,8914586932 6031650,42310982       64091
645925,8358098213 6031668,88383466       64092
645782,8766607835 6031676,48511777       64093
645724,7777961498 6031666,89230135       64094
645597,1773937603 6031679,58752318       64095
645486,4093836148 6031684,3190652       64096
645368,6603181966 6031681,75934375       64097
645247,2655695188 6031682,69035874       64098
645115,2440341263 6031679,8206691       64099
644958,2454974283 6031676,40827569       64100
644811,8738901626 6031676,79691462       64101
644708,3201127456 6031678,11626385       64102
644569,3175884199 6031667,95583189       64103
644455,0595233573 6031669,04280805       64104
644308,9983133486 6031655,15949224       64105
644202,1866704088 6031642,12926907       64106
644041,9305293207 6031624,368175779       64107
643924,6471201372 6031600,40122110       64108
643832,6507450684 6031562,70438161       64109
643800,9251128873 6031544,16609344       64110
643746,5503758542 6031582,25291706       64111
643646,95263289 6031565,81015459       64112
643515,7067488276 6031527,26115489       64113
643392,1395199596 6031463,890367039       64114
643382,8045818559 6031462,2078744       64115
643324,5775172279 6031451,71348104       64116
643207,758914263 6031406,33868761       64117
643101,877277703 6031350,49194632       64118
643020,6625012239 6031309,46031350       64119
642957,5207895988 6031258,11179227       64120
642913,6959171004 6031303,56771426       64121
642838,9200957629 6031294,80446448       64122
642736,993704148 6031221,194958284       64123
642646,3139339981 6031122,84108571       64124
642624,0483039427 6030997,41395134       64125
642571,9494133272 6031043,59434422       64126
642525,7719622869 6031084,52588741       64127