472892,1134738593 6060868,653810       2678
472843,5200694424 6060669,51881934       2679
472721,78148647374 6060659,21304752       2680
472698,4573416987 6060601,42110715       2681
472623,4506013831 6060573,9125251       2682
472556,9641568722 6060528,96820684       2683
472490,79669459444 6060468,17351249       2684
472483,024310131 6060456,26601383       2685
472433,112715163 6060379,800245644       2686
472358,7260723456 6060136,48708666       2687
472340,82722848986 6060040,98595083       2688
472326,65173383505 6059957,45231729       2689
472302,4231891216 6059844,94906446       2690
472270,72658161103 6059732,43931509       2691
472242,9634356736 6059623,00518385       2692
472233,5817713223 6059592,85064917       2693
472217,51235878543 6059547,57864049       2694
472198,4274766869 6059503,24478127       2695
472173,61308759707 6059445,81042947       2696
472140,9918845307 6059379,22919632       2697
472109,3411927179 6059330,69598426       2698
472035,9651804664 6059234,07762183       2699
472030,74152079556 6059233,03117014       2700
471881,9807484556 6059203,22916662       2701
471679,96606627875 6059195,19988190       2702
471493,96138475573 6059179,56474693       2703
471391,171998513 6059165,60398052       2704
471308,0363410563 6059159,96716891       2705
471180,9130077071 6059173,26686299       2706
470910,81598800025 6059199,54772433       2707
470604,5770835086 6059248,88796656       2708
470270,44059919246 6059305,59675033       2709
470126,98904057324 6059342,35484355       2710
469927,7419403454 6059393,84833237       2711
469724,771306506 6059433,37462320       2712
469593,68579795666 6059446,59657629       2713
469506,82641612686 6059428,99379848       2714
469428,5295070261 6059379,84925290       2715
469326,6955526382 6059318,33894719       2716
469222,41789361875 6059265,52452841       2717
469180,6352565219 6059287,65387490       2718
468973,30385710415 6059346,91540803       2719
468439,7625136302 6059463,05129259       2720
468400,7730439522 6059430,55410796       2721
468383,59396884247 6059426,02238027       2722
468270,6426418482 6059396,22621341       2723
468140,5122394141 6059361,89837005       2724
468102,1822080913 6059359,84943766       2725
468021,71256992396 6059355,54804636       2726
467996,0859571319 6059353,16607075       2727
467804,0854502953 6059335,32023912       2728
467589,9434579282 6059338,94839556       2729
467443,1663482123 6059343,92971145       2730
467292,34708803217 6059352,79417242       2731
467165,3037671856 6059362,13629080       2732
466965,3383535127 6059357,10498176       2733
466917,49241969775 6059352,1490671       2734
466860,4184812825 6059344,12302174       2735
466786,7071874396 6059338,75824300       2736
466701,4352988345 6059364,71735992       2737
466635,99379723443 6059385,08148273       2738
466629,8558062914 6059386,99147245       2739
466581,7605382961 6059401,95782732       2740
466442,2725114694 6059438,80069465       2741
466167,02095219435 6059524,45467628       2742
466003,75747962 6059560,82115060       2743
465876,15777346655 6059597,90331110       2744
465696,01039396366 6059685,46665209       2745
465523,6295901998 6059781,11440574       2746
465418,9318337114 6059862,26309881       2747
465342,3700651457 6059924,15514157       2748
465273,41572491213 6060002,05655898       2749
465171,25053782377 6060154,61217287       2750
465052,8377909524 6060326,66281714       2751
464882,11695387226 6060537,30658222       2752
464792,3873319103 6060637,26848006       2753
464780,74740417866 6060650,23570564       2754
464687,93898414745 6060731,62306688       2755
464607,8923765061 6060769,66002035       2756
464560,3411363507 6060768,70665124       2757
464433,7600632935 6060746,62678402       2758
464406,27630149596 6060741,83277960       2759
464367,84181893326 6060681,59925750       2760
464328,8512245654 6060649,10406962       2761
464257,6037405405 6060643,71156232       2762
464287,7158278729 6060723,59924132       2763
464271,30938847596 6060751,01973341       2764
464243,7300277029 6060742,53839644       2765
464223,1447931304 6060747,43723851       2766
464136,18362563505 6060768,1319651       2767
464020,7120727813 6060793,5668977       2768
463901,5957045775 6060803,07195762       2769
463802,6894602896 6060793,16130401       2770
463599,96123390336 6060820,81215066       2771
463376,8643494734 6060875,80454188       2772
463121,1140333642 6060977,71363774       2773
463058,0405937403 6060996,39973436       2774
462945,64825248584 6061029,6970941       2775
462721,6789625896 6061128,27955273       2776
462548,9856528557 6061239,7819977       2777
462454,0191963109 6061289,41332920       2778
462424,7961112421 6061304,68586073       2779
462280,71440680436 6061373,15561349       2780
462088,44705676986 6061472,3741227       2781
461992,3928558145 6061518,02091594       2782
461868,67998630716 6061559,149904082       2783
461786,98016829486 6061577,72481679       2784
461674,32923981827 6061603,33680989       2785
461642,07129000884 6061600,25175197       2786
461562,7676318092 6061592,66733329       2787
461516,71856984467 6061591,74551987       2788
461491,44114726735 6061591,2395236       2789
461462,5803235444 6061621,88278874       2790
461414,4863462169 6061672,94668922       2791
461404,3376453695 6061679,81036670       2792
461346,1706484274 6061719,14929067       2793
461328,55431978207 6061744,46116688       2794
461297,1920412777 6061789,52391090       2795
461215,71041595505 6061918,09195017       2796
461161,2720151703 6062044,47400817       2797
461112,19878736115 6062041,56411546       2798
461106,7270234774 6062075,3482571       2799
461095,8883569242 6062142,26926112       2800
461051,8218343379 6062363,37971143       2801
461016,31502125773 6062552,94778071       2802
460999,74893762084 6062786,5001117       2803
461001,5704313132 6062893,5678685       2804
461010,84130678046 6063024,56934119       2805
461020,58794550074 6063131,79553231       2806
461023,2610787905 6063136,69874254       2807
461051,1779442042 6063187,9052373       2808
461080,81644728 6063291,56517089       2809
461101,2610310347 6063458,46670312       2810
461118,6720320783 6063567,68543688       2811
461119,49938607216 6063572,87490927       2812
461132,95884336205 6063657,30582703       2813
461170,04636803124 6063784,89882144       2814
461227,10479401133 6063904,96317710       2815
461307,5415698569 6064045,31577302       2816
461361,03379746777 6064145,48812778       2817
461413,41574950435 6064301,13519625       2818
461445,7616748399 6064408,08616636       2819
461488,8565654679 6064532,68957751       2820
461526,0276424204 6064627,86727635       2821
461567,0738099385 6064744,22078020       2822
461601,8634750004 6064826,91811442       2823
461642,75401170435 6064924,11748418       2824
461690,29467148025 6065014,26993140       2825
461742,0499566305 6065112,41464571       2826
461967,66388906504 6065525,22524729       2827
461989,5495130131 6065559,52163957       2828
462075,2801405998 6065693,86801278       2829
462183,92740959756 6065810,9992583       2830
462571,9963529423 6066227,06049759       2831
462587,4246567872 6066241,93059413       2832
462602,06179658574 6066256,03814766       2833
462676,99730796565 6066328,26256134       2834
462771,14249923115 6066377,71558223       2835
462869,40872345807 6066419,32325609       2836
462979,4032216777 6066469,09382361       2837
463029,24761739006 6066553,33548144       2838
463086,8580466846 6066645,66064373       2839
463133,374854279 6066698,12380390       2840
463208,2631272633 6066719,44359118       2841
463595,6230014169 6066774,7705784       2842
463677,9595024464 6066820,02360542       2843
463716,3924117643 6066880,25295562       2844
463755,22220690665 6066920,67046088       2845
463850,0012407847 6066938,42518552       2846
464016,1822564324 6066953,64680658       2847
464174,51779763814 6066964,74749273       2848
464301,1543846894 6066975,21316037       2849
464471,5357396136 6066978,62784223       2850
464634,23062384856 6066969,9968815       2851
464753,10135707975 6066972,37958943       2852
464851,84246622154 6066990,21477270       2853
464954,3870604768 6067016,05407303       2854
465041,00278033287 6067045,53811217       2855
465167,00353102013 6067087,70369865       2856
465289,75689289556 6067094,12886764       2857
465408,7068403696 6067092,54995814       2858
465447,77416374855 6067121,08090584       2859
465490,48593084235 6067165,54075888       2860
465580,9046887941 6067203,0293238       2861
465695,57424323726 6067217,22062723       2862
465723,31993822474 6067226,66554082       2863
465782,18950848724 6067246,70532098       2864
465824,50372671615 6067310,97684109       2865
465910,8009830336 6067356,31081811       2866
466057,2483598745 6067367,17599274       2867
466255,60347466817 6067359,26309154       2868
466406,72855227714 6067334,54729245       2869
466588,90745764365 6067264,22697548       2870
466686,4769547455 6067221,24193537       2871
466730,9371674263 6067178,53079587       2872
466765,8969123828 6067123,82179385       2873
466775,95406518824 6067108,08318613       2874
466820,73240182403 6067049,5227063       2875
466888,1717591495 6067046,91198991       2876
466931,90842457727 6067060,99539407       2877
467045,7112330703 6067097,64066571       2878
467155,8872629565 6067126,43273025       2879
467242,8739198742 6067149,1647961       2880
467436,4716557185 6067180,79805835       2881
467566,51285472687 6067219,08370642       2882
467681,3409834067 6067225,35274270       2883
467807,9765608507 6067235,82282681       2884
467894,35236466443 6067277,19623042       2885
467981,3644241828 6067286,87102372       2886
468096,51064309455 6067277,29114921       2887
468133,781335281 6067286,497196441       2888
468218,78587709623 6067307,49383388       2889
468359,9973990579 6067381,68012668       2890
468466,1048518897 6067427,41404935       2891
468595,6677493719 6067489,47486243       2892
468654,0679057998 6067542,17861100       2893
468736,7195286198 6067571,58602602       2894
468830,3099426187 6067555,92158427       2895
468865,07260193484 6067522,30057669       2896
468901,562015002 6067455,979641085       2897
468930,5717008724 6067393,13969787       2898
468891,903658839 6067344,79592575       2899
468850,5797699421 6067292,650667543       2900
468763,468643459 6067204,00688664       2901
468776,46763711504 6067203,26919765       2902
468838,64795092226 6067190,53519647       2903
468853,66376031353 6067188,83924541       2904
468884,6335971884 6067188,4625447       2905
468931,4772400325 6067193,39862955       2906
468962,30668798496 6067200,01061268       2907
468976,16367465875 6067206,28166413       2908
468990,0006040682 6067213,551096708       2909
469014,59909538616 6067232,02331677       2910
469038,1390305132 6067253,47062075       2911
469059,6420852527 6067276,87457081       2912
469079,1483723661 6067300,23840678       2913
469137,2058751057 6067393,29259077       2914
469168,4720248566 6067427,87924558       2915
469181,2503595675 6067438,12375979       2916
469194,0888631638 6067445,37314297       2917
469208,9642335958 6067450,66588765       2918
469288,5535824679 6067466,24778431       2919
469272,7846558888 6067406,0041673       2920
469264,3809395336 6067376,87069419       2921
469252,982084606 6067347,67703900       2922
469245,23575377883 6067335,53603832       2923
469238,50785723183 6067322,41671603       2924
469222,05692317325 6067296,1178941       2925
469201,55229263054 6067272,7339741       2926
469179,03083690495 6067250,30831672       2927
469896,4400002114 6067599,78380059       2928
469946,76956825156 6067662,70821140       2929
470021,9222363485 6067724,25279604       2930
470225,2262729565 6067723,778594010       2931
470349,4444652765 6067700,70658233       2932
470511,66052396 6067670,57726700       2933
470564,4950507021 6067660,76403078       2934
470711,31630398793 6067633,49437168       2935
471011,881317877 6067577,67004528       2936
471027,83906992857 6067563,73856927       2937
471056,2633968856 6067538,92340227       2938
471223,6563911748 6067514,70184353       2939
471370,6686929683 6067493,42956385       2940
471537,29630826437 6067469,31928911       2941
471693,4999632975 6067389,21911062       2942
471793,5945999465 6067355,57187294       2943
471895,3514217022 6067321,36599154       2944
472060,6630277588 6067265,79620302       2945
472272,138823142 6067180,15707915       2946
472312,4414379379 6067163,83623529       2947
472384,48066931614 6067129,61054415       2948
472378,6393725054 6067075,93113508       2949
472414,0245765834 6067054,66997166       2950
472532,5566381014 6066983,95085434       2951
472580,8263849347 6066955,15202469       2952
472631,3528369362 6066926,22284228       2953
472730,42165213305 6066869,50047061       2954
472774,7267812554 6066844,13344136       2955
472837,12242870283 6066805,94798150       2956
472957,35194909794 6066732,36891417       2957
472975,3953417764 6066721,32657512       2958
473073,4913147755 6066659,13229757       2959
473100,5044589442 6066642,00554916       2960
473178,0376885451 6066570,715851       2961
473241,2166263606 6066512,62471799       2962
473279,3481539643 6066460,78383841       2963
473297,4129671076 6066436,22426753       2964
473344,46420986217 6066381,23938158       2965
473369,6807216519 6066333,19763753       2966
473447,8700706264 6066184,23386868       2967
473520,1494230266 6066046,52998859       2968
473429,4616228753 6065976,28538597       2969
473468,32127937366 6065802,56189174       2970
473469,63669616834 6065793,75653750       2971
473483,50440143317 6065700,92679824       2972
473465,62906082947 6065565,68037778       2973
473435,17036473023 6065335,22672886       2974
473434,3778858249 6065329,23086260       2975
473405,71493095637 6065112,36385926       2976
473376,86577645666 6064894,08901488       2977
473230,65565484954 6064871,32524809       2978
473261,5556773209 6064770,26277590       2979
473294,7616387359 6064661,65831182       2980
473350,1979594484 6064480,34717799       2981
473417,367714468 6064260,661017057       2982
473565,73287848686 6064176,4396361       2983
473682,3988739786 6064091,58006268       2984
473738,7507049286 6064049,110456374       2985
473787,7363203538 6063978,74411049       2986
473848,7932588778 6063901,67780204       2987
473930,01295161183 6063803,22733101       2988
474012,13490741496 6063662,175354673       2989
474040,9369497836 6063607,35944313       2990
474038,2241613603 6063547,74317773       2991
474003,6793224665 6063491,55051578       2992
473781,17089182895 6063320,57819093       2993
473655,9679995392 6063238,77535705       2994
473503,18708035076 6063148,48902908       2995
473307,2175854104 6063037,51281234       2996
473245,33381184854 6062960,9491924       2997
473204,77933228924 6062895,58220619       2998
473153,1860389898 6062812,42261938       2999
473095,8228786323 6062708,20124879       3000
473053,9107794397 6062624,11138015       3001
473016,75879239547 6062500,4762143       3002
472971,921047646 6062364,793815711       3003
472949,2951664693 6062285,19185654       3004
472916,3922993147 6062169,43421868       3005
472849,1029529191 6062040,42419939       3006
472798,55865487177 6061943,51873924       3007
472756,9527054637 6061876,75816569       3008
472709,2958262917 6061812,87226337       3009
472690,88839034544 6061784,53434918       3010
472648,10905193223 6061712,12294584       3011
472638,4547632852 6061600,93271031       3012
472645,8205321164 6061513,72095366       3013
472650,81349883066 6061454,60353780       3014
472674,8868229514 6061169,57362904       3015
472691,9335970935 6061110,45433824       3016
472723,29083885293 6061068,020386402       3017
472846,30159412854 6060922,75404859       3018
472892,1134738593 6060868,653810       3019
