783953,5207987954 6011831,24426128       60016
783887,5063869667 6011825,398633894       60017
783828,6626772764 6011856,98793016       60018
783781,4174060184 6011891,642317       60019
783765,7445317708 6011952,03119555       60020
783771,9899901338 6011991,48082511       60021
783803,5623203821 6012017,21545022       60022
783834,368474149 6012029,93744532       60023
783871,6652988112 6012008,0512326       60024
783897,8080188783 6011958,62145340       60025
783905,8485239251 6011919,49822599       60026
783911,7576077812 6011914,04411022       60027
783929,2253804149 6011897,92153397       60028
783971,0315382207 6011871,99307373       60029
783953,5207987954 6011831,24426128       60030
784134,5485229853 6012213,83283910       60031
784114,005416079 6012211,19466448       60032
784100,7519119835 6012221,73570614       60033
784101,464234377 6012238,01787556       60034
784101,9784434232 6012262,97058438       60035
784100,3250877669 6012287,87376160       60036
784098,6717281879 6012312,77693300       60037
784101,427875591 6012334,52771705       60038
784109,6774112148 6012353,15078391       60039
784117,9765702976 6012369,6062944       60040
784118,5898123409 6012390,22366300       60041
784118,0202098764 6012415,15157920       60042
784125,2107129579 6012432,66609846       60043
784142,4280429141 6012438,4815441       60044
784166,27217901 6012439,02639594       60045
784176,521912477 6012417,57280743       60046
784177,0915279397 6012392,644881112       60047
784175,5430109248 6012365,49975834       60048
784167,4668435261 6012339,28981953       60049
784155,9905367075 6012319,50856251       60050
784151,0172050537 6012299,87589632       60051
784154,7639416202 6012278,27368390       60052
784154,2992756545 6012251,15330685       60053
784148,3411053086 6012227,16064337       60054
784134,5485229853 6012213,83283910       60055
783953,5207987954 6011831,24426128       60016