739690,3335012059 6037771,94431926       64792
739738,7676160875 6037759,18633675       64793
739778,3700703426 6037762,72819621       64794
739815,6874232225 6037750,34533193       64795
739813,8812155949 6037713,26736975       64796
739812,4339966755 6037660,32439341       64797
739851,1333966268 6037645,32731114       64798
739878,0206063837 6037652,20802722       64799
739900,1154569098 6037701,99175197       64800
739912,7377159668 6037728,73258582       64801
739952,5197816658 6037724,34205325       64802
740016,1590819559 6037717,84610874       64803
740080,5166948804 6037679,62025106       64804
740150,3176133739 6037633,72195721       64805
740196,2508141205 6037592,29262836       64806
740250,0918582305 6037551,18317786       64807
740278,6267704181 6037515,56860157       64808
740320,576092326 6037476,05868418       64809
740366,2452218181 6037445,34622390       64810
740436,4303050232 6037383,44249941       64811
740525,2444551347 6037316,66938468       64812
740565,9846300099 6037269,97212493       64813
740624,5755347535 6037252,779814959       64814
740659,1294509526 6037245,625513677       64815
740688,7542809572 6037222,486342519       64816
740726,0122302448 6037212,74777085       64817
740805,5772008562 6037203,96696231       64818
740885,0822546813 6037197,83044567       64819
740954,1902779327 6037183,5219601       64820
740988,8041791418 6037173,72348030       64821
741050,714261861 6037173,81602973       64822
741110,4368354131 6037176,47758993       64823
741137,2379808445 6037161,2112243       64824
741156,226330715 6037140,47683261       64825
741185,192651349 6037146,42385404       64826
741205,9869164651 6037162,76796708       64827
741264,0394139896 6037169,37365257       64828
741322,1517058832 6037173,33511770       64829
741361,4170088244 6037180,79668063       64830
741401,1781277389 6037188,3524800       64831
741466,9236081546 6037205,71465144       64832
741508,7516243858 6037227,82632718       64833
741524,6426885496 6037231,38057148       64834
741561,3959951933 6037239,60084696       64835
741577,6204455165 6037224,095023178       64836
741612,652513209 6037178,36706555       64837
741629,417274005 6037156,48375364       64838
741707,8956195697 6037078,89443563       64839
741772,6739548355 6037022,159224       64840
741829,4598734014 6036967,88857968       64841
741880,4185160344 6036937,29604235       64842
741887,6296162962 6036932,98063170       64843
741952,8302108914 6036893,96146067       64844
741964,1856582798 6036859,82629251       64845
741946,0953779456 6036840,89756641       64846
741929,978376262 6036804,76920465       64847
741956,5432822726 6036730,02034543       64848
742013,6795480801 6036543,47875631       64849
742037,0490381853 6036446,12170827       64850
742062,7632836114 6036362,04546090       64851
742066,9645278455 6036293,35549534       64852
742057,1061629526 6036261,3852132       64853
742034,0866232531 6036226,47133644       64854
741989,9730319001 6036188,43423952       64855
741926,6313696041 6036181,70869077       64856
741842,3155550198 6036166,57152153       64857
741736,7261314195 6036156,24392189       64858
741649,3469970712 6036159,55664495       64859
741639,5025936908 6036160,36804815       64860
741598,9870735124 6036163,70759293       64861
741570,5592127144 6036133,96252908       64862
741510,2210385564 6036111,43182983       64863
741431,1936942006 6036096,41477546       64864
741370,4365848135 6036092,39375019       64865
741279,8745977381 6036119,44484577       64866
741226,0325797142 6036160,55519281       64867
741135,3511402269 6036192,89477807       64868
741076,280558659 6036231,24101544       64869
741056,9330519405 6036267,841023426       64870
740977,1878401112 6036284,55472639       64871
740913,307798355 6036301,62768941       64872
740834,101373418 6036294,54365744       64873
740788,7907286218 6036309,39147558       64874
740753,8926269144 6036328,18759235       64875
740725,3897062172 6036305,31079743       64876
740693,8986219214 6036294,01584542       64877
740638,0711307476 6036305,98005506       64878
740587,4124043356 6036323,35230190       64879
740510,6707652239 6036324,2610385       64880
740446,8508503574 6036338,68994099       64881
740398,7167982046 6036361,41060020       64882
740319,9909102262 6036366,00363402       64883
740300,7019450127 6036367,12903664       64884
740218,4327160551 6036378,4949944       64885
740168,8893805769 6036379,91285312       64886
740115,189530466 6036381,44965063       64887
740090,9730029323 6036399,42049924       64888
740069,0416239202 6036433,31628810       64889
740034,7394158444 6036432,54006455       64890
740013,5136563955 6036432,05975301       64891
739979,4382717699 6036418,06096006       64892
739932,2617969958 6036398,474726520       64893
739879,437839193 6036394,63385440       64894
739810,8684613798 6036385,1457413       64895
739737,3696668511 6036359,67284010       64896
739685,9897090853 6036343,45675245       64897
739665,1331163091 6036336,87416481       64898
739651,5818169746 6036354,11588095       64899
739640,617607099 6036368,06600609       64900
739629,322933745 6036399,55695310       64901
739587,1356670504 6036393,31138356       64902
739561,7376545989 6036375,53663591       64903
739548,0711261674 6036365,97220108       64904
739527,515883061 6036339,0517844       64905
739499,2673701645 6036301,3752325       64906
739451,9113368593 6036289,72171247       64907
739394,1580770608 6036269,896520304       64908
739350,0443421986 6036231,86103204       64909
739295,4735249836 6036188,29802982       64910
739235,1357960044 6036165,76890222       64911
739182,8452519866 6036138,129147476       64912
739127,8008562407 6036115,72143424       64913
739102,0168921503 6036086,0373821       64914
739102,8541778487 6036049,01875876       64915
739045,3907465672 6035995,56584197       64916
738986,2580719194 6035940,56029045       64917
738923,096682905 6035925,90415862       64918
738877,9661278516 6035932,82011146       64919
738840,5888286867 6035947,84800269       64920
738800,8064911366 6035952,23942979       64921
738745,1591171302 6035956,27209576       64922
738697,4442883295 6035960,48416943       64923
738659,8277874996 6035986,088850       64924
738609,1573216096 6036017,69449635       64925
738581,8127069691 6036033,07427302       64926
738543,226437265 6036059,19854607       64927
738498,0680707365 6036119,99836683       64928
738475,8384504032 6036167,11511817       64929
738453,4294610294 6036222,16433143       64930
738411,1540178779 6036284,18476752       64931
738423,1452029056 6036335,50084464       64932
738426,6423393871 6036353,83451151       64933
738411,6728413787 6036407,4645257       64934
738417,2295267198 6036442,51101804       64935
738437,2321788417 6036470,47669620       64936
738473,6559869975 6036497,76236919       64937
738493,6097639059 6036551,11714110       64938
738534,8608376035 6036603,41735508       64939
738549,4345627603 6036632,80318311       64940
738569,8249639093 6036690,407499216       64941
738571,7514457011 6036722,19714433       64942
738589,3635194908 6036762,27816641       64943
738627,7698832687 6036818,70254285       64944
738671,8234815164 6036859,3816434       64945
738737,4489660808 6036882,03012292       64946
738805,7185666094 6036904,73846743       64947
738845,4407708562 6036902,99154025       64948
738872,5402214269 6036874,5039475       64949
738906,7348547616 6036883,2139924       64950
738935,2823544582 6036907,66935037       64951
738992,9752932135 6036930,13858195       64952
739056,5547608333 6036926,285871183       64953
739109,3183818879 6036932,77060863       64954
739153,6709693295 6036960,22920079       64955
739195,3194963485 6036990,27211828       64956
739276,7501096502 6037015,92419119       64957
739325,1550396462 6037021,34116628       64958
739394,3205531766 6037020,09027246       64959
739409,0065411135 6037026,20766838       64960
739426,6298323986 6037056,35262736       64961
739441,3579985711 6037106,95078534       64962
739437,5770750354 6037157,1300076       64963
739435,542764593 6037247,0314580       64964
739431,6420353279 6037302,49894773       64965
739439,6389546278 6037337,86926206       64966
739446,1271731928 6037366,56655115       64967
739474,9436046575 6037399,77541979       64968
739531,1238971439 6037442,31677440       64969
739548,8105886738 6037462,658863815       64970
739578,0506749689 6037496,28900769       64971
739564,2914237247 6037519,78715554       64972
739511,46814437 6037515,94623296       64973
739466,5773235171 6037512,28485312       64974
739418,4897011222 6037509,60931716       64975
739389,5261477857 6037491,66114528       64976
739346,3224849463 6037448,71683709       64977
739276,1270534918 6037394,21825048       64978
739206,1110514179 6037331,78728530       64979
739145,833959848 6037306,613902871       64980
739127,0257230665 6037319,41588494       64981
739136,7049688459 6037359,31740169       64982
739159,4253718482 6037407,45058972       64983
739195,5459943446 6037447,95049272       64984
739236,7156802546 6037499,14672519       64985
739280,1104918033 6037568,91178237       64986
739323,5651671091 6037636,03264341       64987
739338,233269501 6037689,27464812       64988
739390,1588104398 6037732,77776562       64989
739445,0874748351 6037760,47591098       64990
739534,2703518642 6037794,24038905       64991
739610,7710926225 6037803,90834343       64992
739671,7062322936 6037799,99651427       64993
739690,3335012059 6037771,94431926       64994