754933,0914792498 6039960,94671165       66819
755015,6676636083 6039959,65369294       66820
755088,6519157534 6039961,317000003       66821
755166,5108103814 6039951,29603642       66822
755463,3211011817 6039960,05765645       66823
755572,2830954152 6039961,5414006       66824
755681,245167233 6039963,02525645       66825
755822,2578835136 6039962,23998710       66826
755962,4307913764 6039954,43599687       66827
755993,4363847559 6039954,142911063       66828
756024,4419848374 6039953,84983398       66829
756095,8798789236 6039959,67601662       66830
756136,3265832476 6039962,9747104       66831
756244,28950863 6039962,26142089       66832
756359,2501154466 6039933,13362196       66833
756457,9104616162 6039922,68370215       66834
756522,1715403268 6039889,22502211       66835
756585,7814260062 6039884,32573002       66836
756655,6655922803 6039882,744455       66837
756724,0431877638 6039841,2230248       66838
756771,5674571039 6039812,36455489       66839
756837,131402738 6039721,78706906       66840
756863,964935431 6039658,90048824       66841
756893,682184907 6039608,779392051       66842
756874,1467419922 6039490,86165311       66843
756819,1985402006 6039394,3607945       66844
756728,4758272303 6039335,14344040       66845
756670,9950556163 6039349,70743691       66846
756606,4442627975 6039395,85954158       66847
756637,236360535 6039437,83566112       66848
756645,8155565901 6039479,30530490       66849
756631,9648070149 6039529,7882461       66850
756583,642186797 6039560,43566317       66851
756459,161245326 6039589,34650571       66852
756276,8381862559 6039648,68792238       66853
756155,2415431488 6039690,36430576       66854
756085,0681273123 6039704,6390874       66855
756009,0547550898 6039696,55638941       66856
755943,3567687112 6039653,78494924       66857
755889,8454896015 6039633,51564249       66858
755830,0600456947 6039609,9285598       66859
755764,0727687705 6039579,8502708       66860
755695,129115028 6039540,18007385       66861
755667,5479377378 6039537,42489046       66862
755612,7693050504 6039531,95299216       66863
755499,1109317926 6039503,96340433       66864
755420,2859188393 6039479,942709140       66865
755382,5685119982 6039463,20858732       66866
755340,0232263891 6039379,69177367       66867
755296,3208570756 6039346,94686056       66868
755265,7454008004 6039295,4517560       66869
755233,1534799458 6039193,11231961       66870
755161,3979065069 6039137,50400962       66871
755117,47848007 6039114,27894562       66872
755074,7881355477 6039037,10871363       66873
755052,9011944495 6038984,123380       66874
755026,8356402335 6038912,19495334       66875
755046,3812098062 6038890,415967748       66876
755059,6472078618 6038880,57452633       66877
755075,4466461806 6038868,85376381       66878
755063,8380576818 6038820,96568758       66879
755026,8433049103 6038772,4993575       66880
754968,1346632951 6038739,8713736       66881
754882,1745416799 6038712,055277701       66882
754792,9618558227 6038725,8976452       66883
754674,322634619 6038777,16850542       66884
754596,8634856603 6038832,55227004       66885
754515,2916566266 6038929,115943084       66886
754459,9009162684 6038991,35203426       66887
754458,3107416326 6039061,16340564       66888
754488,5251442107 6039128,52422863       66889
754512,9714048336 6039170,35462451       66890
754511,2365429898 6039246,5122628       66891
754487,0720898843 6039331,68360946       66892
754497,3794529254 6039436,68939436       66893
754547,3483129244 6039612,44596211       66894
754595,4449036557 6039731,01199453       66895
754622,9410071609 6039780,06160233       66896
754635,1061033731 6039801,76276018       66897
754725,5388647681 6039873,67052014       66898
754803,5679073366 6039932,59619542       66899
754863,4252406039 6039953,00939351       66900
754933,0914792498 6039960,94671165       66901