483064,5562243411 6054167,22911654       59369
482827,8535835691 6053923,61671433       59370
482806,57873642654 6053864,18295424       59371
482798,8919613027 6053827,50148227       59372
482682,4678136825 6053749,284336342       59373
482607,4897307201 6053705,6220632       59374
482530,2143891144 6053636,62609545       59375
482489,0522903429 6053588,02863909       59376
482481,13810185593 6053562,58125392       59377
482484,62844147166 6053528,93556445       59378
482455,8065488409 6053512,35327126       59379
481993,5630043665 6053358,84923455       59380
481931,83174104244 6053354,79098912       59381
481867,1783658675 6053356,292975347       59382
481826,8011351817 6053380,69633678       59383
481673,41671560926 6053507,14351296       59384
481523,3451100841 6053639,32359555       59385
481374,0995084123 6053770,77665239       59386
481300,7252462144 6053835,40362560       59387
481279,94763929694 6053874,93991690       59388
481276,63851241476 6053924,59243907       59389
481286,5632553801 6054002,01857044       59390
481301,48377950356 6054097,84954267       59391
481334,9279729804 6054250,24795487       59392
481372,1461469921 6054354,95831825       59393
481442,21462685755 6054502,47789158       59394
481504,1621256275 6054626,6026032       59395
481528,62276665826 6054675,61461121       59396
481581,18945491983 6054716,01285287       59397
481639,20263832086 6054764,95017346       59398
481689,0174736981 6054802,48307559       59399
481766,4061671253 6054865,8605872       59400
481800,8089327787 6054807,23514922       59401
482936,2121652644 6055263,921032133       59402
482981,79750752694 6055202,31855828       59403
483055,6882094111 6055138,20066882       59404
483242,98919741285 6055164,86314812       59405
483215,8473955098 6054349,71919280       59406
483064,5562243411 6054167,22911654       59407