764364,7114357413 6043986,18043298       65074
764319,3031635048 6043977,30540755       65075
764299,0392038669 6043988,84114302       65076
764300,2157782314 6044029,68187033       65077
764293,353074495 6044080,51951514       65078
764306,5779555265 6044116,55343582       65079
764320,6234989588 6044139,78272785       65080
764387,2528773942 6044228,45487809       65081
764420,7186660868 6044266,19242883       65082
764461,5443457267 6044263,56206023       65083
764485,525755204 6044256,17401080       65084
764509,9312045492 6044230,27502412       65085
764521,2358253859 6044198,78429426       65086
764514,6352367946 6044140,42543193       65087
764494,0856373125 6044113,49664308       65088
764457,9117331962 6044075,62670414       65089
764416,7518892118 6044024,41364160       65090
764364,7114357413 6043986,18043298       65091