741644,5237270027 6037444,23521320       64544
741627,670129913 6037437,85414112       64545
741608,6366939305 6037439,42281811       64546
741585,4473056734 6037447,89659436       64547
741549,0849479446 6037464,07112685       64548
741519,6729703085 6037482,40285834       64549
741500,3453031094 6037496,96343342       64550
741482,971123558 6037513,56802714       64551
741475,5680677921 6037531,39834112       64552
741473,1845234596 6037548,34245060       64553
741476,797228151 6037565,42236748       64554
741486,4061794062 6037582,63809427       64555
741492,0855334145 6037596,76515491       64556
741490,7239907944 6037612,7325155       64557
741482,2310120142 6037634,53767113       64558
741476,8040635716 6037653,41260504       64559
741476,3966207742 6037671,4013393       64560
741479,0099335808 6037688,45860435       64561
741488,7094045132 6037701,67682445       64562
741506,4491355784 6037713,0773880       64563
741526,2781580013 6037720,5257334       64564
741551,1945968946 6037724,08977186       64565
741571,2499893114 6037721,54438707       64566
741591,4185707809 6037714,00213358       64567
741606,658196145 6037703,34857164       64568
741625,0317730939 6037686,7666717       64569
741635,4103555091 6037670,00367033       64570
741644,8574763816 6037650,21990205       64571
741652,3511219883 6037628,3921032       64572
741656,8692776142 6037605,49701150       64573
741661,5232534218 6037576,60565756       64574
741664,3142941203 6037541,67276260       64575
741663,1304583196 6037505,64993251       64576
741659,834678099 6037474,57870381       64577
741655,2452438346 6037456,47673543       64578
741644,5237270027 6037444,23521320       64579