485251,47173627256 6054420,6738625       59269
485276,61647223023 6054386,54096880       59270
485279,0661510517 6054366,21285352       59271
485261,1049803762 6054347,50890943       59272
485234,6247056252 6054346,97246937       59273
485191,56005476497 6054360,36452877       59274
485144,3389313783 6054377,74803518       59275
485105,22437608644 6054397,3334366       59276
485060,2878757055 6054402,536573580       59277
484995,47701655485 6054382,88369430       59278
484904,55717198947 6054344,36213508       59279
484827,9783832043 6054302,05537227       59280
484761,5016717428 6054264,02898182       59281
484724,6571490415 6054246,31785453       59282
484680,7663878099 6054225,7137456       59283
484644,01880747126 6054229,04505363       59284
484609,1020002488 6054242,60238752       59285
484585,82927002176 6054284,92447487       59286
484583,2973217498 6054309,32659140       59287
484603,03794402845 6054332,757318797       59288
484637,1052989151 6054361,9758595       59289
484675,30543391686 6054394,739004428       59290
484713,4777255907 6054416,10140056       59291
484765,97779789363 6054445,48210717       59292
484824,59537754266 6054469,0848154       59293
484876,93701890856 6054500,71168336       59294
484923,456557934 6054517,95611248       59295
484986,5192387476 6054523,30897983       59296
485037,27773685043 6054532,48827433       59297
485088,1187486054 6054537,59364266       59298
485136,9640910253 6054540,62084891       59299
485184,35018804006 6054515,08966178       59300
485222,00538023235 6054466,94587983       59301
485251,47173627256 6054420,6738625       59302