468312,82703403046 6042304,27730934       64128
468242,64836825983 6042295,83173754       64129
468175,702945246 6042301,52091104       64130
468113,78420581657 6042319,622183477       64131
468108,1568110853 6042337,09615318       64132
468128,8288059299 6042358,61621929       64133
468161,7360580764 6042383,89959469       64134
468297,23444211204 6042467,52395432       64135
468408,79214647476 6042517,25162590       64136
468473,3432037737 6042543,17118793       64137
468504,88110116404 6042549,08136562       64138
468561,0663652099 6042553,72828317       64139
468688,4444815136 6042504,56007576       64140
468722,387069066 6042490,14074485       64141
468707,1306340463 6042461,69474202       64142
468691,70663190325 6042441,68703539       64143
468676,19359914196 6042425,898522899       64144
468632,9152658457 6042391,61296189       64145
468577,29542478995 6042358,83797091       64146
468545,8988510432 6042345,89574926       64147
468493,1941874528 6042343,0774838       64148
468433,42226917966 6042341,87585706       64149
468312,82703403046 6042304,27730934       64150