488693,91280777415 6050770,62436550       59234
488986,05025116727 6050748,58283824       59235
489139,8491773922 6050799,65348363       59236
489226,91041839175 6050673,36904253       59237
489050,48728589754 6050574,73807293       59238
488709,2613031402 6050383,97363155       59239
488637,640400227 6050343,93367779       59240
488404,0826759768 6049792,77123743       59241
488387,44751701714 6049751,05506281       59242
488343,0616436682 6049730,55359612       59243
488295,70647968317 6049718,39236049       59244
488244,9276349234 6049736,96287305       59245
488120,0696404244 6049818,43317853       59246
488049,1303579857 6049864,59586610       59247
487955,23166258406 6049938,294006376       59248
487929,302868388 6049974,16943301       59249
487906,0027509478 6050018,49851579       59250
487829,3691183457 6050207,351128207       59251
487755,6483092024 6050390,66226767       59252
487673,5876039633 6050571,00394666       59253
487605,7490430708 6050740,43353317       59254
487629,7473492668 6050799,7221140       59255
487657,28093220934 6050787,28937529       59256
487689,0926989689 6050772,92496207       59257
487667,8366274043 6050716,49200008       59258
487800,80602893914 6050649,18691667       59259
487815,6523398237 6050607,486727131       59260
487911,95185009856 6050553,43825130       59261
488030,5294417827 6050505,44204842       59262
488096,5684157021 6050562,78371141       59263
488167,6373261998 6050648,22822039       59264
488212,6473925173 6050637,9410759       59265
488297,79540669476 6050698,65461623       59266
488631,7722830711 6050879,24656599       59267
488693,91280777415 6050770,62436550       59268