471007,1185220884 6034765,52616726       59018
470960,3408512623 6034756,59160312       59019
470930,33987420826 6034757,98578875       59020
470873,5217507372 6034781,30927779       59021
470840,2395355487 6034811,39362893       59022
470796,88626432617 6034864,3410697       59023
470602,0044916549 6035283,2902051       59024
470548,0247163407 6035336,757862302       59025
470521,254765522 6035376,18268298       59026
470511,9650542011 6035390,98206564       59027
470507,70898213994 6035403,88458378       59028
470504,41139386105 6035418,80457538       59029
470521,43715967826 6035466,19396374       59030
470558,317411567 6035543,82189874       59031
470585,8539943189 6035606,78470634       59032
470602,41888930014 6035644,66071113       59033
470622,9350343558 6035675,82793280       59034
470659,20876999985 6035688,09087987       59035
470686,63683081104 6035757,83984005       59036
470889,5628913 6035682,17478560       59037
470975,20089971164 6035650,24306679       59038
471010,0174156662 6035639,41113758       59039
471087,4906711589 6035610,21677424       59040
471217,2274810958 6035562,85339040       59041
471272,47268448875 6035528,57871171       59042
471433,2839030802 6035428,80995950       59043
471608,3731104998 6035324,69602667       59044
471589,0942961214 6035297,39755096       59045
471556,04530669155 6035250,60083357       59046
471618,2151078772 6035229,422027       59047
471522,6347960625 6035096,15644782       59048
471469,71253510023 6035037,45788598       59049
471436,14782603114 6035000,22971649       59050
471282,7438825219 6034870,98544248       59051
471226,38156329154 6034841,87586172       59052
471134,480192107 6034803,862633768       59053
471051,8585846194 6034776,41791885       59054
471007,1185220884 6034765,52616726       59055