428191,05622306943 6005131,5916760       2558
428314,03273078724 6004927,14770354       2559
428404,7304788746 6004904,81950327       2560
428529,6590572826 6004898,83077904       2561
428643,4705838354 6004920,12260995       2562
428775,8946180857 6004962,93735156       2563
428853,2555115463 6005008,89283831       2564
428955,614491021 6005074,38203381       2565
429000,3643737807 6005087,34291171       2566
429041,85218748613 6005099,35913542       2567
429151,3922171741 6005122,682238677       2568
429235,9758783977 6005124,35708118       2569
429329,1015436988 6005121,97033872       2570
429409,37218979676 6005127,79069353       2571
429492,54258287675 6005131,29043529       2572
429400,74791377434 6004959,65655201       2573
429404,0826466214 6004933,56483978       2574
429412,5154886639 6004910,91920656       2575
429427,6196688323 6004897,89898234       2576
429447,2403038158 6004885,37246274       2577
429482,01019322465 6004857,54536527       2578
429512,1517367065 6004833,04849534       2579
429536,9761658537 6004789,05556036       2580
429550,15041566757 6004757,37889549       2581
429562,68128118815 6004700,59556103       2582
429564,7698763531 6004652,73052369       2583
429549,9685285019 6004590,83081508       2584
429488,76177137444 6004516,63070429       2585
429414,9095605629 6004444,44889951       2586
429390,48033790465 6004410,88679203       2587
429363,5449325296 6004388,6813637       2588
429344,5908128286 6004366,63389421       2589
429404,8621321487 6004279,04677143       2590
429410,65406663355 6004256,16013000       2591
429396,23810306215 6004235,34323407       2592
429375,5115298086 6004245,19845765       2593
429355,5864417712 6004272,17905278       2594
429306,9985641181 6004306,57654851       2595
429239,3662478804 6004323,48733515       2596
429181,05873261864 6004330,317120939       2597
429102,5438623093 6004320,77793416       2598
429020,09816590796 6004287,41564034       2599
428962,32599032973 6004264,03778955       2600
428932,04851034435 6004251,78578387       2601
428854,67139412 6004223,47843644       2602
428836,4283953864 6004223,11722958       2603
428820,2851694791 6004231,92267539       2604
428780,38477589004 6004289,758951344       2605
428740,7206314072 6004333,00452640       2606
428723,36951807106 6004345,20796768       2607
428700,4302444426 6004351,59760783       2608
428645,1902768219 6004354,04319630       2609
428722,0709232935 6004237,962562703       2610
428754,16531454795 6004172,44107763       2611
428771,67974540393 6004151,41510621       2612
428668,46194837836 6003531,98168406       2613
428667,64094043453 6003522,97062128       2614
428667,85852482886 6003511,98127519       2615
428690,5483731889 6002870,799146173       2616
428690,7066285719 6002862,8068511       2617
428163,1833448892 6003207,17229893       2618
428118,8232710132 6003075,3563982       2619
427996,64152990375 6002991,50775263       2620
427902,88187310606 6002927,16411678       2621
427592,8938125345 6002985,99147534       2622
427513,4882651199 6003261,2616248       2623
428191,05622306943 6005131,5916760       2558