427513,4882651199 6003261,2616248       2525
427389,1689429282 6003735,527329856       2526
427329,2573707147 6003783,31353871       2527
427249,93847781036 6003801,73248660       2528
427175,0110712569 6003800,24991749       2529
427112,9631692703 6003854,98992548       2530
427062,97372773365 6003956,9413828       2531
427016,7630895576 6004069,96118779       2532
426970,98738538014 6004161,00227445       2533
426927,5368669502 6004286,069594854       2534
426899,04127620446 6004362,4611474       2535
426845,96530922444 6004418,37803247       2536
426763,69629487616 6004532,18329129       2537
426738,21521139063 6004601,93229662       2538
426723,1932831243 6004635,479607969       2539
426581,73459348583 6004740,96021541       2540
426460,6066856771 6004801,52764522       2541
426390,093259063 6004880,08628799       2542
426364,43722598185 6004964,52916498       2543
426236,7708747877 6005001,980933147       2544
426205,6233197126 6005010,35969124       2545
426272,1739533234 6005081,63480749       2546
426363,7482036803 6005100,43587639       2547
426480,9697685633 6005085,76420018       2548
426584,6792506369 6005046,8394621       2549
426649,99118006893 6005029,14242588       2550
426681,15849515254 6005019,7647696       2551
426745,19476406026 6005016,0343488       2552
427066,2870863022 6005052,36852105       2553
427120,7391805141 6005078,43108035       2554
427173,9550506704 6005116,462142725       2555
427233,4561091851 6005392,47729637       2556
427670,8009305595 6005564,03399785       2557
427513,4882651199 6003261,2616248       2525