767413,8236670542 6038920,79365121       66786
767452,487249912 6038896,27738108       66787
767496,6259226527 6038909,98873699       66788
767518,5498769626 6038923,19155634       66789
767553,7493300587 6038911,29671201       66790
767563,7058800011 6038892,4736014       66791
767548,346947093 6038869,89554398       66792
767523,2493551318 6038856,620151401       66793
767450,8396358707 6038829,56076459       66794
767362,5622305255 6038802,13805368       66795
767267,7198333936 6038784,09077832       66796
767162,9936684985 6038781,69321853       66797
767082,9291694115 6038811,61206175       66798
767018,0058982067 6038873,62944157       66799
766979,216185233 6038961,11023519       66800
766972,8997620454 6039040,8810015       66801
766958,5347566586 6039113,5810908       66802
766963,2833697756 6039183,54344765       66803
766962,266198328 6039227,97249235       66804
766974,0883037773 6039266,34515565       66805
766999,4037045182 6039270,09990877       66806
767022,4174081036 6039235,69995782       66807
767051,7782176449 6039201,44530671       66808
767084,0944676046 6039176,78389291       66809
767116,4108375227 6039152,12237415       66810
767142,4528766508 6039124,14212840       66811
767196,6205070242 6039115,85682767       66812
767263,9908201161 6039085,647552012       66813
767346,647530961 6039081,18976512       66814
767400,8879414012 6039069,73092451       66815
767427,4386658634 6039019,53597194       66816
767412,8790543855 6038962,0493296       66817
767413,8236670542 6038920,79365121       66818