468856,890950231 6048028,82355588       59102
468880,21187333 6047998,24189956       59103
468943,0671098454 6048002,01020910       59104
469077,2463615162 6047953,95983157       59105
469224,2351530474 6047899,8236818       59106
469320,9428548143 6047822,47449915       59107
469378,7762716375 6047785,57635827       59108
469474,9104031176 6047736,76142934       59109
469634,70904845145 6047676,53987896       59110
469749,80251893285 6047631,2781971       59111
469794,356436292 6047620,70351144       59112
469815,2260311073 6047626,1181203       59113
469957,47951682296 6047655,95157677       59114
470107,68130160955 6047687,9430434       59115
470248,93601626484 6047717,75678117       59116
470292,7124193695 6047726,62920293       59117
470301,06036519306 6047697,33467387       59118
470356,0049438119 6047711,717367331       59119
470352,3523873389 6047740,56380195       59120
470369,00787298556 6047743,841943352       59121
470449,8838613434 6047759,76031097       59122
470541,2500427674 6047786,57281628       59123
470637,2473780488 6047831,46009278       59124
470682,2975319527 6047876,32132330       59125
470710,5729043579 6047910,85530801       59126
470752,526828491 6047960,64909353       59127
470796,61849452957 6048003,49308256       59128
470859,32122079795 6048064,69303703       59129
470909,84625131893 6048085,68912235       59130
470963,82911929704 6048083,77848335       59131
471054,919700787 6048074,62284430       59132
471156,27729779645 6048051,68831308       59133
471263,74691344326 6048022,883060588       59134
471324,0427659296 6048005,11612462       59135
471382,4570520556 6047985,44437401       59136
471447,154226351 6047943,65980474       59137
471481,9898737945 6047900,40619944       59138
471508,6561115575 6047865,97890659       59139
471527,7157141507 6047812,41801402       59140
471553,69135042536 6047713,04351599       59141
471558,98569811234 6047698,165474053       59142
471560,2656686651 6047684,20559964       59143
471570,85437112395 6047654,44950680       59144
471574,473188921 6047623,55413462       59145
471580,35690431413 6047529,76889136       59146
471583,93553120695 6047500,87062583       59147
471592,8889305554 6047453,09999179       59148
471601,50062731304 6047422,30506508       59149
471612,06927298976 6047393,54747689       59150
471624,6350704083 6047364,83008426       59151
471633,9840441962 6047347,0366841       59152
471645,4507747752 6047323,29204638       59153
471651,6432261116 6047313,42692304       59154
471707,0808763655 6047338,51836248       59155
471806,1603167157 6047180,67642021       59156
471849,045292185 6047134,58775216       59157
471854,13868262916 6047129,69539569       59158
471941,088457953 6047177,39895608       59159
472012,30214095354 6047063,95008538       59160
471995,0649015708 6046927,74166952       59161
472054,3696209795 6046860,00597578       59162
472077,8797515996 6046833,506822322       59163
472265,02265358216 6046767,346252263       59164
472333,9911543884 6046725,40976123       59165
472476,4558341991 6046594,132459369       59166
472513,95764402545 6046559,57569601       59167
472552,8890889729 6046511,40948573       59168
472566,85033285513 6046332,15152101       59169
472553,9240638395 6045963,98511216       59170
472422,0443605338 6045975,4688859       59171
472399,98795191874 6045918,92739460       59172
472381,9197548122 6045873,60893948       59173
472329,38362932997 6045803,62055514       59174
472310,872985006 6045780,27097888       59175
472264,6230789982 6045745,37389181       59176
472104,07841336896 6045681,20254514       59177
472029,6467341197 6045656,72699766       59178
471928,3737477915 6045625,71710766       59179
471820,1306729677 6045593,56798046       59180
471744,74488498503 6045587,55809209       59181
471668,7159845176 6045582,85568142       59182
471560,9180220603 6045580,68560189       59183
471452,9924046222 6045584,85667904       59184
471383,1768811692 6045586,62316283       59185
471233,9705459197 6045593,1353531       59186
471148,43012591737 6045588,24187973       59187
471037,65301611234 6045576,49695586       59188
470958,4535100425 6045571,73125015       59189
470834,6113306694 6045578,75446229       59190
470822,51042629324 6045581,37956406       59191
470767,71120496927 6045593,2672614       59192
470542,6481828178 6045744,15751802       59193
470477,897957877 6045809,46269815       59194
470444,78939603484 6045878,5762944       59195
470387,95627532067 6046023,3358768       59196
470132,6195752483 6046417,84552320       59197
470019,5472434577 6046520,2400551       59198
469920,11368615105 6046575,33215951       59199
469764,05746082176 6046607,08304771       59200
469662,3462963497 6046617,72455610       59201
469531,4630759625 6046659,49739325       59202
469451,30787187826 6046702,29048065       59203
469415,858622971 6046730,12371706       59204
469331,13046187337 6046842,60405113       59205
469256,7427019926 6046914,05924426       59206
469189,0148593344 6046969,78940958       59207
469109,17875154834 6046996,73013033       59208
469014,0002851644 6046997,98830090       59209
468942,71668170276 6047000,19526678       59210
468866,4834150295 6047015,64538455       59211
468791,02792921674 6047042,09999676       59212
468672,62853540684 6047117,640495541       59213
468601,48359621596 6047178,1472331       59214
468533,2341120401 6047243,70709050       59215
468502,5542423792 6047279,05371376       59216
468435,90063002944 6047364,62524317       59217
468408,1563464472 6047403,02779691       59218
468344,0972310327 6047508,63099971       59219
468318,26989432884 6047551,06796605       59220
468284,58960827696 6047636,30310643       59221
468248,91223746474 6047721,498056116       59222
468232,3683388707 6047799,08566905       59223
468241,58129681204 6047870,55566565       59224
468297,4392007773 6047931,941458398       59225
468333,3906159136 6047960,66941698       59226
468391,0876685378 6048006,7738102       59227
468475,9254794433 6048046,5398859       59228
468508,64609648223 6048054,17076638       59229
468580,10468576435 6048070,83598397       59230
468675,2822972691 6048069,57734569       59231
468729,3713384066 6048061,14937968       59232
468856,890950231 6048028,82355588       59233