663495,1963626439 5989888,92385701       58538
663514,5105290554 5989876,64520256       58539
663542,0104038799 5989877,24259554       58540
663561,6862045896 5989869,48946879       58541
663608,1845058657 5989851,16718774       58542
663651,6868761503 5989797,08648359       58543
663669,1614027739 5989772,06952085       58544
663676,1968501555 5989740,47674857       58545
663657,5720562323 5989721,02467419       58546
663632,4631645358 5989707,78096862       58547
663586,0167630874 5989702,53927996       58548
663554,3779321059 5989697,6191731       58549
663523,0607617812 5989677,891512413       58550
663496,2041576516 5989647,6788181       58551
663474,2675100882 5989585,82727865       58552
663460,8383186937 5989522,04420923       58553
663443,8844668211 5989366,73984433       58554
663442,5803168141 5989334,71587099       58555
663436,151494875 5989273,86377461       58556
663437,6555903736 5989225,24712557       58557
663440,643981205 5989185,10065887       58558
663431,3535659126 5989125,64014781       58559
663421,465750282 5989093,67955209       58560
663398,1964506686 5989093,17416234       58561
663385,0447013581 5989114,05237548       58562
663378,2391067204 5989135,0684166       58563
663373,5947723335 5989154,01507945       58564
663358,2357254201 5989179,07806699       58565
663317,6758696868 5989195,12825803       58566
663273,0230317358 5989204,740321998       58567
663211,3553077808 5989218,21568928       58568
663160,3563623765 5989227,6900565       58569
663111,7483936565 5989224,517999683       58570
663071,6939630546 5989217,29899830       58571
663027,3627692407 5989212,10354537       58572
663019,3146682708 5989192,88127353       58573
663036,7431010936 5989169,97953746       58574
663058,1266321273 5989159,86205740       58575
663058,6779004253 5989134,47738740       58576
663023,0379254564 5989118,88873317       58577
663023,7269933688 5989087,15801383       58578
663007,1713751664 5989069,86739254       58579
662979,6254434789 5989071,38562485       58580
662936,490898611 5989108,54374783       58581
662873,8585068105 5989166,44236032       58582
662862,8222875182 5989187,366501898       58583
662864,0550281667 5989216,26340229       58584
662901,3607833668 5989264,39310271       58585
662934,1043449203 5989315,89725826       58586
662979,5402306137 5989367,67705357       58587
663024,7463711362 5989430,03380969       58588
663101,93663961 5989483,950983467       58589
663164,0417989001 5989545,22701551       58590
663201,1538042693 5989590,47698994       58591
663268,8936637163 5989687,18524270       58592
663359,8106628705 5989788,62966954       58593
663401,0154673374 5989840,31770945       58594
663444,7030525892 5989875,1287688       58595
663456,7980047158 5989902,90434648       58596
663471,5137336204 5989907,45672343       58597
663495,1963626439 5989888,92385701       58598
