458030,7632472236 6081201,06778535       2658
458035,97181754344 6081161,4175303       2659
458040,6394798333 6081151,24211557       2660
458051,365412085 6081127,86008587       2661
458087,3641918205 6081094,71384359       2662
458086,8913717237 6081044,64349402       2663
458065,666366366 6081001,52070791       2664
458035,58133435564 6080959,69345587       2665
457997,6083547938 6080944,21169470       2666
457970,7047714374 6080964,28799481       2667
457972,9432463534 6080999,66986146       2668
457990,0172378584 6081029,45831261       2669
457996,3012138209 6081044,96871851       2670
458006,85619369434 6081071,021116178       2671
457978,0695391701 6081111,67318489       2672
457960,9397507844 6081158,44744014       2673
457972,1853044029 6081185,17479041       2674
457985,5196753689 6081194,278372019       2675
458007,36135190143 6081193,23874371       2676
458030,7632472236 6081201,06778535       2677