795440,4817523644 6028989,63292776       67018
795361,9749096853 6028950,76643859       67019
795293,4392366831 6028938,59788008       67020
795237,7032208474 6028945,2522196       67021
795173,9496695376 6028951,96748418       67022
795143,0243103702 6028948,2528983       67023
795095,1711465167 6028941,146700948       67024
795064,3380691707 6028933,43284501       67025
795022,760665498 6028914,46720372       67026
794974,5996799428 6028877,34329578       67027
794952,0881105425 6028855,81648206       67028
794885,603273201 6028833,90447899       67029
794828,1374393677 6028800,81754018       67030
794758,2379015936 6028733,03561552       67031
794704,2105832696 6028665,61987561       67032
794644,7093717835 6028606,01834902       67033
794637,383419658 6028579,38156304       67034
794618,8657802723 6028578,9544614       67035
794576,7838958653 6028567,39670975       67036
794519,8670031201 6028510,50164871       67037
794447,992858938 6028413,55997925       67038
794378,9469029999 6028308,74327657       67039
794327,9305299034 6028225,51662621       67040
794292,9081679098 6028137,36530961       67041
794246,9992712276 6028062,19680049       67042
794214,2561936066 6027989,97861650       67043
794211,7977389148 6027920,76919237       67044
794225,3029833984 6027855,24726804       67045
794232,8502816635 6027757,4899940       67046
794258,8543700216 6027662,80498506       67047
794292,184627573 6027594,756732481       67048
794304,1689147905 6027534,15678758       67049
794311,1063204312 6027462,85311305       67050
794306,9132212152 6027415,11405519       67051
794294,1741070951 6027393,64599489       67052
794249,1413860546 6027395,25465277       67053
794174,5216498347 6027417,35577207       67054
794093,8793326258 6027471,07955324       67055
794002,2287819979 6027543,07711219       67056
793956,0986183764 6027592,30273470       67057
793907,3231480822 6027641,46744170       67058
793879,8937790253 6027683,183719818       67059
793873,0597617347 6027707,24654365       67060
793859,7296684834 6027754,18203235       67061
793855,8036498702 6027809,67394386       67062
793849,3543367775 6027859,81417523       67063
793842,8439310929 6027912,59961184       67064
793844,1476394993 6027970,858834540       67065
793827,5436427316 6028002,23732285       67066
793813,5239950323 6028036,32221075       67067
793825,5311504884 6028089,53454072       67068
793840,488536378 6028129,58099798       67069
793880,1080924008 6028133,14113466       67070
793938,7331816525 6028115,96536066       67071
793987,0207423598 6028087,96400763       67072
794006,5141034618 6028046,06498953       67073
794036,1011004157 6028025,57288848       67074
794062,3108975039 6028036,76432752       67075
794085,3874320647 6028069,05767203       67076
794137,3190654966 6028112,60348611       67077
794196,3937218813 6028190,72228431       67078
794249,9947131339 6028276,65513870       67079
794298,365723541 6028359,82068480       67080
794333,4487650349 6028445,32656044       67081
794356,2200523007 6028490,84694024       67082
794392,2790702052 6028534,02692865       67083
794417,7566356407 6028576,96289968       67084
794453,1444641867 6028649,24204274       67085
794474,9393975617 6028737,08818906       67086
794489,4692340032 6028795,65236602       67087
794499,5626122584 6028817,059338951       67088
794538,8770043679 6028833,84674764       67089
794564,5373313215 6028868,84666635       67090
794581,4683989024 6028938,05326332       67091
794598,2773653959 6029012,55058530       67092
794594,1673893742 6029075,97829958       67093
794569,7489660094 6029101,882599642       67094
794550,4991421397 6029133,19977334       67095
794533,1624531585 6029196,32217272       67096
794526,6512189549 6029249,10725913       67097
794525,796858591 6029286,14217892       67098
794533,1226380416 6029312,7788081       67099
794556,6257348338 6029326,554829190       67100
794606,6433100158 6029338,29582971       67101
794658,8790953953 6029368,61530561       67102
794720,7807291071 6029438,85929288       67103
794784,9004322044 6029527,68188074       67104
794838,5606308673 6029610,96963387       67105
794872,3398009455 6029638,21670270       67106
794937,4969650111 6029682,06839512       67107
795013,4796414981 6029715,58287916       67108
795062,8256096095 6029756,4231020       67109
795096,2384108448 6029799,54237673       67110
795124,0551911512 6029855,76643224       67111
795145,9097094273 6029940,96712170       67112
795181,8455828736 6029989,43820482       67113
795218,3310369222 6030014,10110507       67114
795263,1187686021 6030023,07512634       67115
795305,6886110608 6030013,47071901       67116
795303,4707128394 6029994,89216467       67117
795272,0317404972 6029980,93269267       67118
795232,962110254 6029953,563300014       67119
795212,7761931068 6029910,74923273       67120
795211,3518692666 6029857,78118222       67121
795236,3811928951 6029805,42354365       67122
795283,0006510243 6029735,03675424       67123
795321,3789115672 6029677,693642       67124
795359,6349929743 6029625,64112665       67125
795466,7316446374 6029572,53063607       67126
795512,0692481541 6029557,69640169       67127
795547,1916941821 6029526,74566941       67128
795572,0380103842 6029482,32394444       67129
795608,0763197715 6029411,69257193       67130
795627,9370564271 6029353,92178206       67131
795629,3412827367 6029293,07814161       67132
795606,6929318944 6029242,266459784       67133
795576,0472774939 6029193,91706584       67134
795558,3232410697 6029159,09981839       67135
795535,3695538549 6029121,51514071       67136
795504,5406717828 6029081,10189014       67137
795479,1856742641 6029032,87462031       67138
795440,4817523644 6028989,63292776       67139