661993,8514814606 5989071,65341766       57767
662095,2579343367 5989058,53330658       57768
662210,0395398008 5989035,6285304       57769
662338,9340607605 5989020,06165235       57770
662477,4960352001 5988999,10754895       57771
662636,6090626637 5988981,39839813       57772
662708,6699207264 5988976,61390653       57773
662763,9915185454 5988963,00043590       57774
662850,9520083832 5988954,30671288       57775
663022,7117636519 5988938,98900718       57776
663164,9022589473 5988920,9129490       57777
663258,3469339057 5988906,01113173       57778
663290,4453608294 5988889,77717692       57779
663318,4048403704 5988869,22049816       57780
663354,9178019422 5988844,61673930       57781
663389,4072409176 5988815,7362907       57782
663426,1958894095 5988778,44018479       57783
663461,0070614922 5988734,75195196       57784
663476,6417952899 5988696,99649525       57785
663491,3096562321 5988606,31001314       57786
663504,9667948778 5988562,16228181       57787
663510,116478119 5988519,94619687       57788
663513,6100355245 5988456,5301547       57789
663514,2991449137 5988424,79910156       57790
663508,6879958096 5988390,81488901       57791
663518,4359388713 5988331,76736502       57792
663541,2437928249 5988256,07217760       57793
663548,7844148256 5988201,20950834       57794
663554,2096950975 5988146,30087481       57795
663544,9648277359 5988084,72433595       57796
663513,9204939387 5987954,94945260       57797
663498,3293253704 5987893,23503458       57798
663497,4082020014 5987838,18846166       57799
663496,3034282613 5987791,60343210       57800
663476,3895357873 5987734,02796887       57801
663462,5003090568 5987691,39818964       57802
663465,211916791 5987663,95134517       57803
663488,7579572976 5987651,75647020       57804
663508,0722497734 5987639,47740792       57805
663504,4385945598 5987611,88516953       57806
663487,7908375168 5987598,82523909       57807
663460,6579212015 5987581,30476234       57808
663440,4683423629 5987536,42170581       57809
663436,880589941 5987506,71401094       57810
663443,7320692961 5987483,5822012       57811
663477,9920893172 5987465,27838438       57812
663478,5891962964 5987437,77797639       57813
663457,8484055293 5987418,27984324       57814
663430,531712954 5987409,22115958       57815
663412,0440478539 5987383,42272272       57816
663419,5386282708 5987330,67501721       57817
663429,6077393536 5987256,81911709       57818
663437,2399917494 5987197,72509730       57819
663438,1585564681 5987155,41667544       57820
663419,8087091371 5987123,27195150       57821
663393,0889932229 5987086,71271502       57822
663366,3692591244 5987050,15348199       57823
663345,9303458531 5987016,91123191       57824
663337,7556029179 5986978,94671930       57825
663328,8857219918 5986924,47084641       57826
663336,2423169871 5986878,06921152       57827
663345,3050871317 5986861,48221911       57828
663367,0982457972 5986821,59563771       57829
663376,4325258213 5986781,58625257       57830
663362,6348393726 5986734,72532094       57831
663346,4461388142 5986700,51110677       57832
663323,4791063466 5986689,17978478       57833
663315,0362186851 5986685,01426612       57834
663283,7639573991 5986663,17115812       57835
663259,1135878165 5986628,77317097       57836
663253,731632707 5986584,21146736       57837
663256,696302964 5986566,81313092       57838
663263,4331096966 5986527,27842265       57839
663262,3738946249 5986478,57760142       57840
663244,2073969252 5986437,97115816       57841
663219,7406150032 5986395,11139737       57842
663187,1333746251 5986337,26002435       57843
663166,6218708887 5986307,18477403       57844
663137,6026841742 5986279,04132693       57845
663108,1703533042 5986269,93676346       57846
663076,4388010018 5986269,24804523       57847
663059,0561547047 5986290,035062239       57848
663060,2992444491 5986330,27426496       57849
663087,111129419 5986362,60258791       57850
663114,2444083985 5986380,12298390       57851
663109,5085099766 5986403,300930480       57852
663081,6865047764 5986417,51205376       57853
663045,8160034262 5986412,500572680       57854
663014,3140661484 5986401,23474925       57855
662984,7439342167 5986398,47649187       57856
662969,2472062333 5986429,88659570       57857
662991,8282482045 5986462,12314446       57858
663027,3314081929 5986484,05799017       57859
663071,3422130094 5986504,06105428       57860
663098,4754513074 5986521,58144249       57861
663110,2037459223 5986566,28098216       57862
663096,8683545889 5986595,62139466       57863
663078,8428753373 5986646,02433393       57864
663065,2779002903 5986685,94200401       57865
663056,1274102388 5986717,48977098       57866
663042,6083598603 5986755,29185812       57867
663018,971316909 5986771,71019904       57868
663000,1621158452 5986760,7197715       57869
663001,0804559501 5986718,411277181       57870
663001,677373026 5986690,91075806       57871
662983,1436523489 5986667,22779927       57872
662941,3401085308 5986643,03977073       57873
662912,1373589959 5986623,35815977       57874
662867,9889701226 5986609,70143096       57875
662842,603802185 5986609,15046877       57876
662813,0337394178 5986606,39223193       57877
662802,9616997512 5986582,89296010       57878
662807,605721021 5986563,94598113       57879
662784,7951230148 5986542,28668834       57880
662757,570060183 5986528,99730401       57881
662723,6314434083 5986532,49354403       57882
662708,2266185246 5986559,67269227       57883
662711,6310353947 5986597,84220135       57884
662721,2440720942 5986642,49569795       57885
662735,1797257904 5986683,01009964       57886
662745,0221939096 5986717,08650972       57887
662731,5491659123 5986752,77322789       57888
662722,3528571445 5986786,43630629       57889
662721,6182523555 5986820,28302573       57890
662755,2813146281 5986829,47934193       57891
662782,0472503934 5986863,92303991       57892
662815,1134069838 5986900,6198356       57893
662812,1255650178 5986940,76686988       57894
662832,4991892234 5986977,18816918       57895
662857,2414458498 5987007,35505610       57896
662869,0615098623 5987047,82358260       57897
662874,7189907199 5987079,69255666       57898
662882,3082361876 5987120,06923243       57899
662887,8738622353 5987156,169085707       57900
662884,7941189748 5987200,54693776       57901
662870,9995867833 5987251,04141260       57902
662844,5125923733 5987301,26034713       57903
662824,7850143837 5987332,57822477       57904
662782,1094067846 5987348,58318960       57905
662746,3310595455 5987339,34090985       57906
662732,3037612601 5987303,057462824       57907
662728,9453998387 5987262,77280981       57908
662715,0558281804 5987220,14301792       57909
662724,3439968803 5987182,24928349       57910
662743,7041159149 5987167,854614140       57911
662744,5306083686 5987129,77709453       57912
662726,2265450358 5987095,51721636       57913
662701,5302149573 5987063,23493730       57914
662683,4097806658 5987020,51337030       57915
662688,0997154956 5986999,451023553       57916
662724,2454856035 5986991,76987437       57917
662747,1018808532 5987011,31366928       57918
662754,8289253535 5987045,3440930       57919
662782,0538472548 5987058,63348223       57920
662792,8605665109 5987048,28592622       57921
662799,7578026435 5987023,03869936       57922
662781,4077050012 5986990,89413080       57923
662773,680653377 5986956,86378858       57924
662755,2847172247 5986926,83466727       57925
662730,4966062475 5986898,78325459       57926
662694,9935953898 5986876,84852954       57927
662667,9980878619 5986852,98201488       57928
662651,9930266258 5986810,30631611       57929
662652,8194352072 5986772,22870144       57930
662666,3842611386 5986732,31108970       57931
662667,3483923317 5986687,88729094       57932
662659,5753420611 5986655,97225368       57933
662650,0541086283 5986607,0879699       57934
662651,5232178327 5986539,394325864       57935
662667,6625762426 5986478,36827609       57936
662670,8339374416 5986429,75938184       57937
662665,4058348469 5986387,313107       57938
662668,623087065 5986336,58871879       57939
662667,0585224908 5986311,15760383       57940
662646,041953941 5986304,35225247       57941
662599,6401786071 5986296,99602523       57942
662563,9992224182 5986281,40761211       57943
662538,9354552984 5986266,04873781       57944
662499,7521334034 5986218,63715276       57945
662454,4980182681 5986158,395213393       57946
662440,1031226286 5986139,03495628       57947
662449,2992991552 5986105,37169967       57948
662482,4077845224 5986042,59728989       57949
662500,8460549519 5985973,15513747       57950
662506,1326218029 5985924,59197227       57951
662497,1620389433 5985850,32219824       57952
662487,8241213094 5985792,97591641       57953
662497,5710875252 5985733,92724443       57954
662514,3528435774 5985643,28470667       57955
662528,0093440254 5985599,13584146       57956
662520,3737435951 5985560,87428126       57957
662538,6742683447 5985497,77823600       57958
662559,0442721206 5985436,84342176       57959
662572,7926693333 5985388,46362331       57960
662593,0249882708 5985333,87506873       57961
662600,2892700373 5985291,7038541       57962
662600,9318359718 5985262,08758975       57963
662578,074969734 5985242,54373348       57964
662548,9177642635 5985220,74671928       57965
662520,2194044763 5985177,79524304       57966
662506,3291636785 5985135,16503159       57967
662524,07879321 5985097,45408390       57968
662518,1914030177 5985076,1619149       57969
662497,4040694855 5985058,77934337       57970
662494,0451908159 5985018,49405308       57971
662515,8880933813 5984987,22119113       57972
662518,46240905 5984966,11257937       57973
662506,2286574657 5984944,68271331       57974
662500,4330305695 5984919,15956270       57975
662503,4204707791 5984879,01190639       57976
662495,9223784516 5984834,40380995       57977
662484,2851878386 5984785,47305263       57978
662480,7425890092 5984753,64941548       57979
662493,9401949777 5984730,65473833       57980
662517,6690368026 5984710,0049930       57981
662524,6578689008 5984680,526274024       57982
662535,9694538793 5984646,90845792       57983
662560,0655449962 5984609,33500242       57984
662567,4673980996 5984560,81716502       57985
662576,8929555654 5984516,57607       57986
662590,319939539 5984483,00399373       57987
662606,0459765386 5984441,0160317       57988
662615,3338649378 5984403,12126362       57989
662637,1768303749 5984371,84829728       57990
662641,912507456 5984348,66996675       57991
662623,378167779 5984324,9868441       57992
662589,8979042829 5984307,32897724       57993
662552,5537581721 5984272,6555047       57994
662513,094097544 5984237,93625711       57995
662464,4843546356 5984234,76537211       57996
662420,3349294157 5984221,109015902       57997
662372,2299258908 5984194,66805750       57998
662325,9191156349 5984183,0813499       57999
662279,3789935593 5984182,07192406       58000
662231,0903434968 5984164,09289929       58001
662203,7728792164 5984155,03457506       58002
662160,1281252198 5984118,10822380       58003
662133,4070847897 5984081,54892471       58004
662106,9154177685 5984034,41236588       58005
662097,622640251 5983974,94996531       58006
662073,2922922204 5983925,743776998       58007
662051,123191461 5983874,46786427       58008
662052,178337798 5983825,81217147       58009
662036,1720778269 5983783,135846429       58010
661980,8435624067 5983699,39396582       58011
661941,8424030052 5983643,52024514       58012
661923,6746890076 5983602,91343141       58013
661911,9910654491 5983556,09793155       58014
661887,3394049875 5983521,69999589       58015
661858,5484696086 5983482,9793228       58016
661840,6100279095 5983431,795194223       58017
661833,2948373784 5983378,72489573       58018
661863,461880692 5983353,98143237       58019
661968,4962042228 5983292,7647296       58020
662047,8237932711 5983245,80601829       58021
662086,636332565 5983212,78409972       58022
662102,0410044697 5983185,60391081       58023
662112,9854073111 5983168,90951016       58024
662139,9842361384 5983149,15214335       58025
662141,6988298488 5983116,19239610       58026
662133,2240061511 5983092,01086322       58027
662121,4908126448 5983079,7575628       58028
662087,7483260239 5983068,02694284       58029
662060,3222786635 5983059,8274757       58030
662016,0272274101 5983055,47286397       58031
661965,3550443308 5983047,18595440       58032
661922,9996186399 5983048,38411815       58033
661901,5696436525 5983060,61829589       58034
661901,0192440365 5983086,003981044       58035
661879,6351425638 5983096,12274776       58036
661845,8334070108 5983093,27338190       58037
661836,035691622 5983057,08094106       58038
661822,0529164366 5983018,68125737       58039
661812,2551780991 5982982,48880395       58040
661789,3519031861 5982965,06053647       58041
661753,5722240959 5982955,81892435       58042
661717,6549574158 5982952,92374716       58043
661685,922746449 5982952,23581129       58044
661666,3790010221 5982975,09333098       58045
661633,9130183684 5983008,25300385       58046
661604,4339209315 5983001,26452662       58047
661577,4830732618 5982975,28266669       58048
661603,6025191762 5982941,98529049       58049
661635,9767764767 5982913,05650291       58050
661655,9332651277 5982871,15969135       58051
661652,4361181622 5982837,2203326       58052
661636,42944819 5982794,54386636       58053
661635,4605299535 5982741,61096012       58054
661644,8854186034 5982697,36926919       58055
661643,7330459382 5982652,8982690       58056
661619,4477995748 5982601,57637372       58057
661588,2200436398 5982577,61817250       58058
661544,2992988466 5982553,38494088       58059
661485,7994324272 5982518,25317878       58060
661423,2060757179 5982476,68340381       58061
661392,5284975241 5982427,339503637       58062
661370,2668956065 5982380,29442405       58063
661371,0463745636 5982344,33117854       58064
661376,4235901099 5982291,53570014       58065
661366,9007800876 5982242,6502777       58066
661338,5218985432 5982184,89022283       58067
661307,9816157207 5982129,19973057       58068
661282,9167405422 5982113,84112631       58069
661247,4577615451 5982089,79131858       58070
661205,4230848252 5982076,18147375       58071
661171,2542802211 5982090,25635496       58072
661149,6409508057 5982110,95276588       58073
661113,5859767915 5982114,4044244       58074
661075,7364086735 5982103,00173397       58075
661053,1079475658 5982072,88061953       58076
661047,6782702222 5982030,43334878       58077
661067,4512233641 5981996,99816003       58078
661101,8949859821 5981970,230219915       58079
661111,1363060798 5981934,45027179       58080
661090,5773746663 5981906,49048424       58081
661053,0027900904 5981882,39489854       58082
661036,5830918275 5981858,75784293       58083
661054,4238923204 5981816,81466935       58084
661089,3261959575 5981768,89184769       58085
661107,1669121813 5981726,94873369       58086
661131,4458900186 5981680,91208207       58087
661149,0575096388 5981649,54645590       58088
661154,0219290697 5981615,79014242       58089
661135,5325980716 5981589,99166813       58090
661057,4883724718 5981577,718044654       58091
660947,620215894 5981568,987956434       58092
660854,1716821288 5981583,8951101       58093
660771,3924875301 5981594,80045283       58094
660686,3602109321 5981612,00656728       58095
660592,4994476357 5981645,95325454       58096
660532,2574043433 5981691,21067187       58097
660424,466459143 5981782,00056107       58098
660363,8579101355 5981844,18195979       58099
660309,7333500222 5981900,15427598       58100
660269,8673605076 5981981,83311442       58101
660227,1066759119 5982099,42931186       58102
660190,6467083122 5982219,27837385       58103
660158,2801718847 5982345,56527190       58104
660142,7457874775 5982476,44967941       58105
660135,948160791 5982594,82446882       58106
660145,7075993337 5982730,48949877       58107
660147,1426641297 5982859,62466914       58108
660168,1668386369 5982963,78671412       58109
660212,6443072227 5983059,99104277       58110
660240,5647624666 5983138,90490141       58111
660308,2664126246 5983237,72893147       58112
660374,0815639613 5983325,92978274       58113
660412,94589194 5983388,14910924       58114
660438,7047317488 5983469,13255527       58115
660446,6228873029 5983592,05842448       58116
660445,1099360734 5983661,86843935       58117
660413,6139180289 5983747,96021516       58118
660388,5100080087 5983832,07397727       58119
660382,4451201875 5983916,60040458       58120
660376,9036640995 5984269,92599520       58121
660365,7366161706 5984394,55378222       58122
660352,1269427319 5984436,5874945       58123
660336,5393586823 5984472,22902621       58124
660344,2674947883 5984506,259555       58125
660338,6609655591 5984569,63101975       58126
660320,7806958136 5984711,04434864       58127
660315,5930618425 5984852,73273386       58128
660309,023495626 5984960,528113645       58129
660305,2114475593 5985038,75321511       58130
660316,4365781536 5985106,72217012       58131
660334,1913861718 5985166,36693746       58132
660332,6780536729 5985236,17604491       58133
660324,2681200667 5985331,23270398       58134
660348,094038652 5985403,70749618       58135
660361,2968810294 5985478,06841078       58136
660370,360506626 5985548,10666118       58137
660353,7180492608 5985632,40258298       58138
660334,1748071681 5985655,25947537       58139
660333,4868694533 5985686,9907232       58140
660324,474817853 5985712,19236382       58141
660310,9109325169 5985752,11011232       58142
660314,5913710624 5985777,58691457       58143
660337,6775462166 5985786,55300437       58144
660360,4426684574 5985810,32713441       58145
660381,0006035481 5985838,28629808       58146
660383,9013101666 5985899,72508820       58147
660374,3388534285 5985950,31162836       58148
660364,9642650578 5985962,07780041       58149
660339,5290569168 5985994,00152409       58150
660294,9218682458 5986001,50003318       58151
660232,0098220971 5985974,73908350       58152
660183,9056675234 5985948,29930982       58153
660142,4686638443 5985907,18913288       58154
660143,3858876139 5985864,88084109       58155
660144,2113839677 5985826,80332611       58156
660127,6550011206 5985809,51317801       58157
660102,453393 5985800,50117352       58158
660100,934122242 5985772,95491627       58159
660012,4994220342 5985751,99003931       58160
659925,6297919817 5985756,45613274       58161
659916,0614994405 5985709,68775470       58162
659888,0047340787 5985637,12161147       58163
659872,0443021419 5985592,33098943       58164
659873,1447959952 5985541,56094494       58165
659880,4082128175 5985499,39013740       58166
659876,8192611218 5985469,68254166       58167
659847,6618970854 5985447,88640779       58168
659797,3044794225 5985427,747115       58169
659738,3478047443 5985413,77079468       58170
659709,0528670102 5985398,32095020       58171
659674,2369565878 5985344,65597779       58172
659615,503106082 5985222,747416344       58173
659583,260989013 5985147,97406682       58174
659544,2598554961 5985092,10204473       58175
659492,5203185009 5985038,07032378       58176
659461,3849693427 5985009,88219053       58177
659468,4647067825 5984976,17285395       58178
659485,8464636692 5984955,38534455       58179
659492,6970924048 5984932,25316829       58180
659461,5616048321 5984904,06502305       58181
659427,4397764094 5984916,02409726       58182
659410,0579292693 5984936,81171669       58183
659392,9511344678 5984944,90660808       58184
659365,6798311309 5984933,73361490       58185
659349,3064749425 5984907,9817457       58186
659318,7669664624 5984852,29313988       58187
659296,5973708264 5984801,01869111       58188
659261,322680476 5984768,5080203       58189
659234,2805163338 5984746,75788610       58190
659199,1433022274 5984707,90096597       58191
659185,1144993817 5984671,61785678       58192
659183,6407260658 5984641,956020554       58193
659186,3978642965 5984612,38584737       58194
659193,5691516263 5984574,44569936       58195
659214,9526119566 5984564,32684635       58196
659244,4311359839 5984571,31480769       58197
659271,1066677831 5984609,98842640       58198
659272,3054103906 5984652,34283066       58199
659297,5988339628 5984657,12378051       58200
659329,9720250235 5984628,19531078       58201
659349,7900840916 5984592,64553257       58202
659353,1889687344 5984533,45928372       58203
659345,6439463153 5984490,96731779       58204
659322,8325257951 5984469,30881128       58205
659253,2066404866 5984459,33452273       58206
659228,3714112721 5984433,39928212       58207
659223,9042776602 5984346,52903847       58208
659224,958421986 5984297,8740848       58209
659217,2758099206 5984261,72837056       58210
659243,7152183501 5984213,62326546       58211
659264,0373965724 5984154,803608376       58212
659259,066037352 5984091,20290861       58213
659260,2118058106 5984038,31701272       58214
659283,4285649355 5983943,58050321       58215
659308,4399861821 5983863,69784169       58216
659324,6229847965 5983800,55538328       58217
659323,515760299 5983753,96974240       58218
659298,8179092152 5983721,68809018       58219
659263,542770497 5983689,17740132       58220
659219,8974715109 5983652,2524674       58221
659216,5373253885 5983611,96729499       58222
659204,7610918139 5983569,38342972       58223
659201,3550990615 5983531,2137114       58224
659212,5738360455 5983501,82656409       58225
659213,2153878367 5983472,21028391       58226
659211,8790321293 5983436,20183962       58227
659204,0587620928 5983406,40224629       58228
659219,9208706992 5983358,06770092       58229
659242,1293237022 5983309,87060466       58230
659251,4159795829 5983271,97574783       58231
659247,8723743465 5983240,15227881       58232
659240,3728373635 5983195,54446423       58233
659260,1451505442 5983162,10965132       58234
659330,2683785527 5983051,45693200       58235
659350,6363299927 5982990,5210450       58236
659358,3115602627 5982929,31018487       58237
659361,3893224465 5982884,931457194       58238
659357,983146966 5982846,76151237       58239
659339,4480846121 5982823,07903459       58240
659279,5659501047 5982754,05545958       58241
659174,6098095097 5982616,32920644       58242
659166,6061123364 5982594,99132244       58243
659171,432712954 5982567,581961310       58244
659191,2507293483 5982532,0314358       58245
659243,5796538852 5982461,20514933       58246
659272,0428452129 5982417,37607223       58247
659296,7791476494 5982350,18507862       58248
659301,9264768302 5982307,96736711       58249
659298,8408902781 5982254,98898018       58250
659284,0247130366 5982157,31078911       58251
659268,2920898838 5982101,94205921       58252
659265,1606248198 5982051,07909952       58253
659280,9768432148 5982004,85934908       58254
659315,2368135434 5981986,55314697       58255
659365,3667833958 5982017,26934263       58256
659403,3537109552 5982022,32492944       58257
659439,5000362201 5982014,64188981       58258
659479,5565575749 5982021,85891940       58259
659502,4602629133 5982039,28664300       58260
659535,5289145075 5982075,98279542       58261
659555,0341579324 5982152,59809343       58262
659578,6328982861 5982235,651307343       58263
659592,0207518038 5982301,55167792       58264
659610,2351602839 5982340,04257289       58265
659632,5430834806 5982384,97150922       58266
659661,7014403471 5982406,76772480       58267
659685,1549270481 5982398,80988824       58268
659687,7285638261 5982377,70101434       58269
659659,028427787 5982334,75008811       58270
659632,9019879568 5982270,690277       58271
659615,2832372537 5982204,69823595       58272
659606,2637242055 5982132,54304213       58273
659590,6687707562 5982070,82767895       58274
659564,1297136059 5982025,80703822       58275
659533,130732131 5981991,27218992       58276
659466,1685460098 5981955,958463185       58277
659378,0974026143 5981918,0711291       58278
659325,5312819739 5981902,11744552       58279
659283,6798215131 5981880,04633450       58280
659228,6775053 5981878,85521788       58281
659154,5442449308 5981881,48283534       58282
659069,2839864264 5981909,26708035       58283
659015,8932377277 5981931,39207674       58284
658945,303966275 5981965,84342388       58285
658881,3816948659 5981985,62390295       58286
658838,6600528372 5982003,74696473       58287
658793,8229288071 5982021,82432537       58288
658684,1476818776 5982101,99144973       58289
658565,9649152979 5982184,09092462       58290
658423,2297800356 5982324,91938882       58291
658286,2460075195 5982493,38601578       58292
658185,6373599155 5982643,5919414       58293
658146,4141667222 5982695,65388018       58294
658103,326542312 5982730,700550470       58295
658071,0730438555 5982747,46887285       58296
657982,2879012909 5982749,24449697       58297
657906,0400677151 5982751,82673983       58298
657838,5747453328 5982739,78396646       58299
657796,6778404464 5982719,82905568       58300
657754,7810301762 5982699,87406468       58301
657747,9309617379 5982723,00663911       58302
657732,8022614927 5982737,49422298       58303
657701,1162986672 5982734,69183999       58304
657671,6375001357 5982727,7044074       58305
657642,7081091345 5982695,33155       58306
657596,7634997463 5982666,823337       58307
657564,9859510611 5982668,25195121       58308
657515,5980472876 5982701,04589985       58309
657457,8399520325 5982729,4258378       58310
657418,9834943297 5982764,56420224       58311
657396,7759107255 5982812,761607503       58312
657395,8143410416 5982857,18583627       58313
657386,2993948733 5982905,65793357       58314
657374,8522373697 5982945,62233841       58315
657344,823943658 5982964,02031931       58316
657321,6456516077 5982959,28569822       58317
657303,018817293 5982939,83466941       58318
657271,2413768346 5982941,26331606       58319
657245,215014026 5982970,32993580       58320
657203,5107182171 5983039,26953198       58321
657142,5385247569 5983118,37412371       58322
657115,9628731661 5983172,82597701       58323
657083,4071393602 5983210,217027212       58324
657069,8903907465 5983248,02014853       58325
657071,1815821899 5983286,1437649       58326
657043,268888416 5983304,58739086       58327
657006,6655244711 5983333,42507490       58328
656982,9378883932 5983354,07573040       58329
656957,6901200092 5983347,18001431       58330
656905,2621624877 5983324,88107091       58331
656855,1327922841 5983294,1661974       58332
656818,0164493084 5983248,9180194       58333
656785,1767827055 5983201,64595370       58334
656762,8226338679 5983158,833719999       58335
656748,6097502635 5983131,01264400       58336
656723,4077238818 5983122,00152979       58337
656693,8832110664 5983117,12978556       58338
656666,0163710571 5983133,45804769       58339
656649,275992497 5983124,63016667       58340
656647,8472143267 5983092,85285787       58341
656657,0414222408 5983059,18907224       58342
656689,1392002187 5983042,95224997       58343
656720,7790949193 5983047,86976486       58344
656746,0727977613 5983052,65005081       58345
656748,7376221566 5983027,31056422       58346
656736,8231891026 5982991,07348990       58347
656733,4621622994 5982950,78869763       58348
656719,2034500288 5982925,08296071       58349
656673,487807289 5982885,99796070       58350
656650,767405432 5982860,10922170       58351
656631,8199650799 5982855,46629832       58352
656618,6696035761 5982876,34609847       58353
656597,5610250457 5982873,77287075       58354
656579,2086713306 5982841,6293025       58355
656563,3838445991 5982790,49261364       58356
656551,3319879172 5982760,601829682       58357
656543,6942511013 5982722,34092405       58358
656527,4573140359 5982690,24311795       58359
656521,7976076987 5982658,3741755       58360
656537,5669218025 5982614,270339549       58361
656574,3075495923 5982579,08599507       58362
656623,6492763204 5982548,4072244       58363
656664,0258291519 5982540,8151477       58364
656686,8378694144 5982562,47308260       58365
656711,811249522 5982582,06132901       58366
656734,8522541644 5982593,14211954       58367
656766,6753802679 5982589,59781922       58368
656789,8537142815 5982594,33230709       58369
656819,2410343227 5982605,55034757       58370
656838,5089692192 5982595,385187820       58371
656838,9667458802 5982574,23076452       58372
656820,3396901914 5982554,77971360       58373
656803,7365468715 5982539,6053883       58374
656810,4034027475 5982524,93460977       58375
656852,5749338059 5982532,19657086       58376
656894,7006926027 5982541,57382162       58377
656920,4522036375 5982525,19967128       58378
656914,6094440423 5982501,79242034       58379
656919,343953847 5982478,61405779       58380
656932,7232772124 5982447,156999540       58381
656944,0787828766 5982411,42330278       58382
656965,3705795868 5982405,53475539       58383
657015,7750831903 5982423,55705831       58384
657059,3296704688 5982464,71188583       58385
657104,9080421631 5982510,14346129       58386
657139,9549854839 5982553,23076682       58387
657179,4159887992 5982587,94774791       58388
657204,5723732281 5982599,07432665       58389
657240,7180894021 5982591,39095654       58390
657291,6261659617 5982586,14336621       58391
657325,7480998602 5982574,18327796       58392
657361,6649171193 5982577,07711773       58393
657414,7341925441 5982569,7599776       58394
657463,2522132056 5982577,15942772       58395
657503,1709598349 5982590,72207420       58396
657537,3844201574 5982574,53117429       58397
657588,475736149 5982560,82197581       58398
657641,5451805016 5982553,50492082       58399
657696,4553722988 5982558,92635690       58400
657761,8511863169 5982568,80774282       58401
657812,2556666876 5982586,83043028       58402
657856,4511868968 5982598,36931635       58403
657885,8842354316 5982607,47226896       58404
657904,3738113027 5982633,26989840       58405
657921,2516584767 5982635,75174840       58406
657967,8831298432 5982632,528311497       58407
658012,0786443118 5982644,06736305       58408
658058,8476279847 5982634,49761709       58409
658080,3227380454 5982620,1474300       58410
658102,3474400043 5982580,41184916       58411
658119,7747941269 5982557,50822289       58412
658139,0245783748 5982548,95342863       58413
658156,1040128247 5982541,36314017       58414
658167,1392282506 5982520,43759279       58415
658161,3424639333 5982494,91477852       58416
658113,3739881457 5982462,12953761       58417
657947,7184589052 5982390,81700903       58418
657868,2012144391 5982348,88323183       58419
657776,0827107669 5982302,44379966       58420
657713,3059193603 5982269,338215766       58421
657654,576822945 5982244,786086895       58422
657572,5777821098 5982219,73043558       58423
657503,1339862872 5982201,29581205       58424
657446,2456401128 5982189,4822944       58425
657215,6611816268 5982184,49199125       58426
657134,9992932588 5982195,44514069       58427
657058,5683081883 5982206,48978830       58428
656971,2855008737 5982229,9982671       58429
656881,6584948953 5982264,03840090       58430
656806,7938315368 5982300,514260652       58431
656721,1230791754 5982347,3386386       58432
656652,376104008 5982394,52910962       58433
656583,4460006005 5982450,18136140       58434
656500,816363342 5982552,09871621       58435
656416,1171475425 5982651,85473453       58436
656287,507494306 5982824,73551202       58437
656176,2791147733 5982976,82775733       58438
656147,7258315092 5983024,88772384       58439
656116,7824900633 5983085,59434533       58440
656066,6172775106 5983154,35083034       58441
655993,284020287 5983315,72814786       58442
655951,1228364435 5983405,82176445       58443
655881,5728449005 5983685,79941289       58444
655852,2873943305 5983767,7056498       58445
655838,0386142837 5983839,35510383       58446
655825,5849692604 5983925,85817567       58447
655815,7043737242 5983991,25285169       58448
655780,769116845 5984138,64487994       58449
655770,9801512724 5984199,80865891       58450
655771,3560934176 5984280,239885       58451
655771,9609819588 5984350,09399426       58452
655757,9411191412 5984411,1661106       58453
655760,8901838115 5984470,48896000       58454
655750,8819235216 5984639,5837486       58455
655765,5620737367 5984743,604433523       58456
655795,4714251084 5984926,26099887       58457
655804,8123865137 5984983,60554254       58458
655803,8052162823 5985030,14424795       58459
655786,2411099225 5985059,39351417       58460
655773,228315728 5985073,9265840       58461
655726,4338229687 5985060,36899240       58462
655720,5055485978 5985191,54326861       58463
655773,1690451538 5985184,95936159       58464
655778,249306348 5985307,10336075       58465
655702,6260933767 5985303,92201514       58466
655681,1102480222 5985298,82221157       58467
655641,36687434 5985279,42526150       58468
655681,7455264663 5985389,40372381       58469
655728,3392640366 5985485,64908780       58470
655741,4529688316 5985564,23877738       58471
655766,6179089599 5985672,71860023       58472
655788,516973549 5985714,78653289       58473
655801,1600335281 5985739,07380045       58474
655852,7167639686 5985801,56447674       58475
655910,6652541312 5985862,07722550       58476
655956,1504883543 5985911,73831498       58477
656010,1429094916 5985959,46727642       58478
656070,7104839571 5985996,75670374       58479
656095,3622877277 5986031,15225658       58480
656122,0379928439 5986069,82442446       58481
656153,2190670199 5986095,8958384       58482
656255,3613355753 5986167,9474084       58483
656296,7104629007 5986193,1715562       58484
656434,8106376331 5986286,11655165       58485
656497,1726696081 5986338,25967820       58486
656534,3334033854 5986381,39166516       58487
656582,2541563238 5986416,29126468       58488
656663,5170991679 5986475,19285526       58489
656717,6464851103 5986516,57595494       58490
656786,3545231107 5986568,85667769       58491
656887,7346064402 5986649,9058902       58492
656994,4102878517 5986734,20644402       58493
657079,2163440741 5986824,93063685       58494
657150,2918442317 5986893,3364611       58495
657237,143936832 5986959,56602885       58496
657334,8709907876 5987039,9884258       58497
657398,1900327513 5987077,31036707       58498
657535,1054966797 5987175,54074033       58499
657713,4913452464 5987245,0127853       58500
658015,900406903 5987373,24461973       58501
658111,9744080477 5987412,37443296       58502
658218,3914668539 5987482,404258       58503
658323,0140434228 5987537,5807467       58504
658506,7368661022 5987653,72987259       58505
658738,837921364 5987783,62625986       58506
658870,7764568104 5987847,8609272       58507
658991,1394384629 5987909,30749365       58508
659140,9078693409 5987980,69898257       58509
659236,8390918281 5988046,26979474       58510
659320,4448629599 5988094,64260018       58511
659418,4453761241 5988162,37485151       58512
659462,1801358847 5988195,06869047       58513
659497,3616396609 5988231,80976534       58514
659551,8108708963 5988258,38679738       58515
659604,2363333739 5988280,68728578       58516
659666,8717925703 5988320,14016744       58517
659775,1276803748 5988402,9097298       58518
659890,0966727163 5988468,89405850       58519
659996,7418313867 5988528,34890289       58520
660141,1881863764 5988601,32206278       58521
660283,7484777856 5988663,67265526       58522
660434,5407400695 5988736,78380899       58523
660550,0600187454 5988777,38452796       58524
660661,2107884862 5988824,2396856       58525
660768,2226154981 5988866,77237635       58526
660829,109415005 5988889,25711052       58527
660919,565499548 5988914,49988247       58528
661121,8148765753 5988956,98320086       58529
661383,1247754664 5989010,15011453       58530
661464,316635784 5989026,66981620       58531
661616,8891284157 5989051,49279033       58532
661750,7094065839 5989065,78577474       58533
661826,3295413784 5989065,39377801       58534
661915,0162638956 5989073,14545765       58535
661955,1838946852 5989076,65631689       58536
661993,8514814606 5989071,65341766       58537