767156,4619516641 6058678,55884162       65709
767201,5405521588 6058651,02578668       65710
767245,8882986383 6058655,2219317       65711
767299,754788343 6058659,63736968       65712
767465,0389379926 6058650,74656504       65713
767544,6544252067 6058639,88232304       65714
767660,2686030956 6058582,22822632       65715
767714,646986734 6058564,43340905       65716
767771,6135076054 6058572,09510291       65717
767797,2894194201 6058559,98823628       65718
767811,2238872636 6058506,34080709       65719
767802,8747467657 6058455,35455485       65720
767797,9178112904 6058394,922594340       65721
767833,7406978174 6058217,96891208       65722
767842,4987664485 6058113,40794084       65723
767862,1644794072 6057948,78008639       65724
767887,152603267 6057828,71941303       65725
767901,6716627216 6057749,68789079       65726
767935,3747149585 6057664,74881497       65727
767958,9740965306 6057604,97414512       65728
768021,5262802513 6057508,00084037       65729
768060,9174341215 6057451,764439655       65730
768052,275586087 6057413,46948601       65731
768033,3108744924 6057409,8580012       65732
768007,4154487081 6057431,48407054       65733
767975,1011203211 6057456,13702896       65734
767962,8476774317 6057436,80680545       65735
767986,8856361946 6057357,99416355       65736
768041,307390668 6057200,51469639       65737
768084,7486088958 6057106,27531193       65738
768147,8854688546 6056983,917351481       65739
768168,8965234768 6056898,68517456       65740
768205,1879789666 6056839,20210410       65741
768238,525703059 6056770,12703127       65742
768295,6821194602 6056631,75734689       65743
768343,1003404802 6056502,68727327       65744
768419,0448095503 6056237,76178637       65745
768497,6818015843 6056131,63286416       65746
768563,3344447342 6056037,90356486       65747
768636,1370181921 6055909,41699838       65748
768663,5673405646 6055821,15659359       65749
768661,7095738414 6055763,96887813       65750
768679,9860054456 6055659,62393237       65751
768697,3856018451 6055593,3553120       65752
768724,6697379751 6055511,44073547       65753
768713,4804894751 6055308,00013797       65754
768692,8764780841 6055237,68157811       65755
768655,5303798416 6055205,07429900       65756
768601,5154100627 6055207,00549064       65757
768600,9309656129 6055232,38986430       65758
768613,1117561504 6055254,89341201       65759
768618,8734883227 6055280,42399276       65760
768611,723662066 6055315,18146555       65761
768582,0704028084 6055362,11968703       65762
768574,2631454237 6055425,43448576       65763
768607,1208658081 6055515,08343779       65764
768624,1864694415 6055601,19390727       65765
768616,3790913671 6055664,50866313       65766
768579,5759219199 6055746,20385435       65767
768553,6070549921 6055771,00365516       65768
768531,0305282304 6055786,35733335       65769
768539,8920109239 6055815,13387746       65770
768564,5456492492 6055847,44868645       65771
768566,6957101005 6055891,94421598       65772
768568,4804024813 6055952,30484552       65773
768535,8001595247 6055992,82352681       65774
768503,7045990734 6056007,95802817       65775
768494,7699958639 6055982,35455419       65776
768456,7356542347 6055841,79139544       65777
768404,2969296346 6055637,40216281       65778
768368,1931100198 6055550,853557168       65779
768321,912515742 6055492,64297020       65780
768265,601406928 6055456,42468591       65781
768239,8518045542 6055471,705439893       65782
768254,6942456022 6055516,49321883       65783
768279,4211147544 6055545,63490492       65784
768287,6982873639 6055599,79575450       65785
768286,6755219237 6055644,21813715       65786
768294,8065318483 6055704,72499472       65787
768312,7489127794 6055752,75880797       65788
768315,3374669544 6055778,21605441       65789
768295,8608780896 6055796,8158344       65790
768276,6766278842 6055802,72362663       65791
768269,81917653 6055824,7886572       65792
768275,7268640026 6055843,97289763       65793
768300,8918451301 6055854,07653611       65794
768316,3186826552 6055873,47996351       65795
768309,3150892542 6055901,891117725       65796
768295,819236965 6055936,50207164       65797
768291,6233457283 6055980,85134774       65798
768265,6547178423 6056005,65107212       65799
768249,278208667 6056027,4968610       65800
768254,6013511384 6056072,06527295       65801
768228,7787743879 6056090,5188362       65802
768206,1293171851 6056109,04556094       65803
768208,2794372195 6056153,54086107       65804
768232,8597963015 6056189,02847558       65805
768251,2403491804 6056218,02404882       65806
768256,3442166953 6056272,11140688       65807
768255,1020484774 6056326,0526024       65808
768215,710659679 6056382,28993258       65809
768183,1767852663 6056416,46235382       65810
768153,7429612756 6056453,88082775       65811
768124,0167793114 6056503,99126474       65812
768086,4833309569 6056617,41548920       65813
768069,6683561454 6056658,29911981       65814
768033,815553408 6056698,74430490       65815
768001,5740856493 6056720,2245140       65816
767981,2209038644 6056776,899937754       65817
767938,5836778294 6056836,23680204       65818
767905,6115677177 6056889,44686678       65819
767885,5507016005 6056933,43024313       65820
767887,992962619 6056965,23318750       65821
767899,8079971094 6057003,601293419       65822
767908,3038900564 6057048,24226839       65823
767916,7997619689 6057092,88323026       65824
767928,322531318 6057143,94320261       65825
767943,6027710594 6057169,69236544       65826
767936,6722009096 6057194,93007880       65827
767916,6842613261 6057235,740214298       65828
767918,9802786238 6057273,88901500       65829
767927,5492368115 6057315,35693319       65830
767932,5797010273 6057372,61658333       65831
767916,1301188939 6057397,63498674       65832
767890,4540831964 6057409,74218570       65833
767870,8316558199 6057434,68739570       65834
767863,5355666985 6057475,78982408       65835
767862,0739039545 6057539,24921181       65836
767861,1238117084 6057580,49766237       65837
767853,3892800501 6057640,63785737       65838
767836,4282226246 6057687,86674013       65839
767801,3794693423 6057693,40880205       65840
767766,9885870942 6057670,39410937       65841
767755,3929199663 6057622,50738350       65842
767760,1005867568 6057555,94831965       65843
767784,7230342582 6057451,75208388       65844
767838,3406025822 6057329,17553153       65845
767847,0980876569 6057224,61360355       65846
767852,3171703448 6057135,84333854       65847
767844,6981650437 6057053,12674785       65848
767823,3641121446 6057014,53946214       65849
767795,6841868183 6056975,80604203       65850
767774,496221065 6056930,87281229       65851
767775,9575598724 6056867,41318402       65852
767804,4102408899 6056734,732256209       65853
767797,7407371762 6056610,76649133       65854
767805,6940458089 6056541,106797405       65855
767816,6742062158 6056477,86598923       65856
767834,0733933977 6056411,598356754       65857
767851,1073874875 6056361,19564603       65858
767878,3177861308 6056282,45499339       65859
767897,3973233284 6056143,20806228       65860
767920,9646068929 6055946,91961009       65861
767929,5021192746 6055851,87518605       65862
767934,7204742852 6055763,1036481       65863
767934,4692818058 6055636,1096157       65864
767936,8797032593 6055531,3997296       65865
767946,0743405126 6055407,79765697       65866
767928,8621362611 6055328,03353947       65867
767907,8924495033 6055273,58068778       65868
767876,6733930975 6055250,639133817       65869
767853,8778191386 6055275,51212902       65870
767814,8520517126 6055315,88518477       65871
767795,2295281726 6055340,83128947       65872
767804,1643336478 6055366,4345900       65873
767819,1531354438 6055404,87615654       65874
767808,4653919905 6055455,42551292       65875
767781,9126413753 6055505,60965693       65876
767777,4249539978 6055562,65106023       65877
767801,1291974445 6055636,21486329       65878
767815,7526779197 6055690,52153322       65879
767820,4917704395 6055760,47402198       65880
767796,5275399414 6055836,11508611       65881
767775,0059548594 6055943,55938825       65882
767751,1879019034 6056012,85426946       65883
767727,5158452338 6056075,80308237       65884
767672,1868560385 6056134,84846913       65885
767620,2500631725 6056184,44776648       65886
767599,8972566782 6056241,12348095       65887
767571,3721639279 6056376,97789061       65888
767543,0025583191 6056484,59973020       65889
767533,1089152007 6056522,1319710       65890
767509,9483748358 6056562,86947849       65891
767477,5610109115 6056590,69588854       65892
767448,4197969508 6056615,42226318       65893
767431,4590485711 6056662,65176467       65894
767408,298555433 6056703,38918688       65895
767398,192212554 6056718,49154751       65896
767385,284174928 6056737,78063925       65897
767376,5068655314 6056739,451156395       65898
767340,6433116263 6056746,27684597       65899
767309,2056938921 6056732,85446446       65900
767258,4380606082 6056731,68569609       65901
767232,3238342878 6056762,83101525       65902
767206,3556128554 6056787,63048304       65903
767135,673705213 6056824,09916196       65904
767096,7945443969 6056858,12522062       65905
767079,9071018264 6056902,18156271       65906
767079,030551624 6056940,25718841       65907
767078,2270385821 6056975,15984094       65908
767105,69974407 6056982,29507669       65909
767131,8752528364 6056989,09349223       65910
767160,06664196 6057005,61573462       65911
767213,9340133683 6057010,03056239       65912
767286,4009435908 6057033,921617       65913
767399,5319186007 6057084,14619918       65914
767408,4663280913 6057109,74907496       65915
767398,2899003627 6057138,08664573       65916
767384,7213340389 6057175,86992330       65917
767383,6254130979 6057223,4644005       65918
767394,9290469917 6057284,04303208       65919
767425,416603875 6057338,71402411       65920
767446,6043541493 6057383,64695310       65921
767458,5654916025 6057415,66876168       65922
767463,5230826498 6057476,10109718       65923
767472,0921187636 6057517,56877429       65924
767474,3151376697 6057558,89029421       65925
767432,2937252437 6057729,35290613       65926
767429,6676242298 6057736,00463467       65927
767408,6947119132 6057789,12737858       65928
767394,8336466295 6057839,60221055       65929
767403,9140066301 6057858,85906984       65930
767428,7129943548 6057884,82729379       65931
767424,9554337563 6057910,13771727       65932
767430,5705198257 6057942,01334222       65933
767439,3585332341 6057973,96194014       65934
767467,4765673492 6057993,65738102       65935
767489,1755426249 6058016,37950193       65936
767475,9722237983 6058038,29781592       65937
767440,996768658 6058040,66684590       65938
767400,4062595997 6058011,160295553       65939
767376,2651243887 6057956,63568696       65940
767348,5124564613 6057921,07560924       65941
767305,6258227264 6057853,42081176       65942
767278,1654759214 6057805,16900978       65943
767263,4699152489 6057754,03655094       65944
767207,4528441185 6057705,12713778       65945
767151,874208017 6057637,1801364       65946
767102,568308915 6057572,55223575       65947
767043,3782234502 6057523,56989693       65948
767000,0527964893 6057474,95288533       65949
766950,5275466219 6057419,84390937       65950
766929,2666240401 6057378,08419393       65951
766901,8057859829 6057329,83249021       65952
766867,852927679 6057287,78058510       65953
766784,3016157371 6057193,79276974       65954
766759,9405321735 6057148,78709140       65955
766745,6826711672 6057078,61695141       65956
766712,9712468454 6056982,6248580       65957
766660,3455986266 6056924,27005950       65958
766652,1946184336 6056915,73501366       65959
766635,5462462043 6056898,30209264       65960
766636,4961103251 6056857,03362781       65961
766637,1529218117 6056828,49703574       65962
766635,0754094154 6056780,82959032       65963
766611,2252452273 6056713,61319261       65964
766590,6941313494 6056640,12378950       65965
766550,9060250458 6056575,71520638       65966
766505,4290985989 6056482,60384709       65967
766478,6977637074 6056402,62242949       65968
766479,5739465333 6056364,54686058       65969
766508,7148573119 6056339,820175067       65970
766537,8556814273 6056315,09357923       65971
766535,2668378386 6056289,63672121       65972
766500,5102189832 6056282,48762790       65973
766446,0585925321 6056303,45717065       65974
766416,9907178824 6056325,01091445       65975
766340,5473493395 6056335,95050100       65976
766226,3935479969 6056330,14924513       65977
766173,5544880116 6056332,09883180       65978
766079,999138016 6056345,82879935       65979
766055,7656766325 6056350,09829506       65980
766016,2479177932 6056357,06069685       65981
765939,5858352301 6056377,519384       65982
765850,4511089785 6056388,16726976       65983
765810,5810294189 6056382,249225127       65984
765779,259796113 6056383,6487294       65985
765778,2030032573 6056354,75889646       65986
765660,8107149568 6056356,35248138       65987
765636,4261290466 6056348,231142485       65988
765615,3646318859 6056277,81259163       65989
765597,5290728048 6056204,56956108       65990
765564,1227775316 6056040,36985940       65991
765578,3894649076 6055995,33522517       65992
765635,7539895356 6055922,90576246       65993
765678,1702536447 6055873,08701358       65994
765694,1132925227 6055821,7830346       65995
765712,5414664219 6055750,81528327       65996
765734,4948909797 6055700,28688893       65997
765765,8071834676 6055653,75399152       65998
765827,5191925204 6055600,35967510       65999
765889,1010189592 6055552,63281023       66000
765950,2120277572 6055501,5600465       66001
766002,0744274448 6055455,13290664       66002
766095,9886894673 6055374,75154961       66003
766093,91041576 6055327,08365276       66004
766059,7372371046 6055294,55089182       66005
766038,2560919805 6055262,31015751       66006
766042,2318286464 6055227,48014617       66007
766077,2031442162 6055223,47356739       66008
766134,5406956477 6055216,90453985       66009
766175,222469354 6055223,6741294       66010
766200,9547143868 6055227,95610705       66011
766186,8412702002 6055151,43922799       66012
766146,9511466357 6055157,01349049       66013
766030,7804531425 6055173,24729423       66014
765923,5553124202 6055142,20918987       66015
765880,0819505926 6055099,9387320       66016
765836,9733899372 6055041,80314406       66017
765831,881277719 6055037,917738304       66018
765802,6541028996 6055015,61659031       66019
765758,0861986825 6055020,94107732       66020
765752,6168874427 6055028,74988090       66021
765744,9564589658 6055039,68716583       66022
765719,2805908212 6055051,79551748       66023
765671,977612252 6055038,0090372       66024
765631,3853044563 6055008,50366194       66025
765613,1498164856 6054973,1629353       66026
765614,2441757324 6054925,56798990       66027
765621,4558664858 6054911,93725016       66028
765647,4333249575 6054862,83762129       66029
765693,6063048821 6054787,70693574       66030
765703,9958718205 6054738,01223516       66031
765711,4410936439 6054702,40066819       66032
765696,5244994509 6054660,78679842       66033
765665,5239216548 6054628,32716441       66034
765611,6191147112 6054617,92776340       66035
765584,4791294918 6054612,13242348       66036
765500,9044592497 6054577,32059747       66037
765498,2162451663 6054531,65564591       66038
765626,062296319 6054411,54122898       66039
765726,61417461 6054318,61209660       66040
765817,3554011813 6054238,15606785       66041
765805,4578750655 6054225,69862100       66042
765780,1544687522 6054199,204506258       66043
765822,935671149 6054133,51922731       66044
765865,5710158508 6054074,18002941       66045
765918,0172564537 6054002,3675158       66046
765932,5245757308 6053971,64853268       66047
765944,7144958389 6053945,83649990       66048
765952,9572223662 6053863,48343026       66049
765967,0352788544 6053803,48750159       66050
765958,6784629896 6053776,35355383       66051
765954,7468990627 6053763,58823073       66052
765952,264249515 6053755,52718905       66053
765960,0691448632 6053692,21217064       66054
765974,6116727556 6053667,69501198       66055
765989,7935279118 6053642,09993908       66056
766012,6355388586 6053546,679677227       66057
766034,4713186658 6053493,91492363       66058
766043,3894665985 6053473,02517861       66059
766068,0253274855 6053415,31807185       66060
766091,4766044234 6053361,88671764       66061
766099,5731886283 6053285,87918136       66062
766123,3163081692 6053219,7555209       66063
766132,1695222838 6053114,6866911       66064
766142,6656011129 6052990,1557164       66065
766154,9561266666 6052869,79778520       66066
766176,8387123612 6052746,48550564       66067
766186,0466745686 6052719,5025025       66068
766197,262838948 6052686,63461431       66069
766229,7228321854 6052655,63304386       66070
766221,2974938159 6052607,81804912       66071
766206,3072087937 6052569,37642060       66072
766202,7444221869 6052561,821724       66073
766196,3191618001 6052548,19731205       66074
766179,0620270061 6052511,60463609       66075
766148,0604619368 6052479,14455570       66076
766120,7422811934 6052424,545856       66077
766125,3400978507 6052417,98103100       66078
766140,4370169987 6052396,42564980       66079
766151,4147076118 6052333,18268355       66080
766130,0051093376 6052297,76826245       66081
766099,2950816229 6052252,61585568       66082
766088,133808773 6052185,68933196       66083
766088,7171016196 6052160,30454673       66084
766071,8658746603 6052064,67426804       66085
766063,4402261379 6052016,85910563       66086
766049,7534827586 6051992,81268602       66087
766045,1306501268 6051984,69076214       66088
766036,1217187024 6051962,26031045       66089
766050,4518178885 6051944,68447665       66090
766058,9896068615 6051934,21282384       66091
766081,8574077181 6051906,16522340       66092
766073,2129844308 6051867,86927871       66093
766064,6414480552 6051826,40022973       66094
766075,4000850196 6051772,67619325       66095
766059,5937793299 6051744,90600580       66096
766051,5461228976 6051705,45781493       66097
766062,6310264226 6051692,52732092       66098
766080,9060265156 6051671,20971734       66099
766094,8377326592 6051617,558484       66100
766121,68065058 6051554,67949786       66101
766112,8902194856 6051522,72964286       66102
766102,9901498086 6051508,87784276       66103
766094,4347600741 6051496,90740803       66104
766104,5372567163 6051471,74114172       66105
766146,1522485601 6051456,82326404       66106
766159,7194567383 6051419,03743767       66107
766160,0766286531 6051403,49019515       66108
766160,3026312137 6051393,65255166       66109
766174,0157291424 6051349,52047148       66110
766197,4667567718 6051296,08770614       66111
766227,0454399071 6051252,32004511       66112
766250,1220900874 6051236,94372447       66113
766259,2868887184 6051230,83707954       66114
766292,1116226558 6051183,96925147       66115
766286,7130241045 6051142,5727872       66116
766255,3461827659 6051125,97813468       66117
766214,3141866985 6051115,511161569       66118
766174,083989029 6051070,13978054       66119
766129,5060677063 6051030,13000245       66120
766090,0860279945 6050995,18991074       66121
766059,447978704 6050946,86412788       66122
766035,3748838771 6050889,16474750       66123
766014,4018885745 6050834,71136333       66124
765961,4789625107 6050789,04857209       66125
765924,3487492399 6050746,92332230       66126
765883,8997308933 6050711,07147234       66127
765827,366242537 6050684,374764170       66128
765777,4705705259 6050645,1312384       66129
765712,875083725 6050554,75329919       66130
765673,0087299771 6050493,51654969       66131
765638,6872125624 6050467,32995137       66132
765606,9558344006 6050466,60134996       66133
765586,8969383326 6050510,58806243       66134
765564,2479021025 6050529,11689611       66135
765478,5005042306 6050530,32284455       66136
765405,5185987647 6050528,64716023       66137
765351,356888777 6050536,9280036       66138
765327,3025301651 6050541,16711714       66139
765287,6030013745 6050548,16343153       66140
765317,1081432473 6050507,56844756       66141
765368,3881402274 6050486,52223614       66142
765451,7637856156 6050450,33885232       66143
765510,755574343 6050437,9947768       66144
765547,4677531847 6050430,31264214       66145
765601,8481789602 6050412,5123521       66146
765606,5513174606 6050345,94937751       66147
765588,8966895747 6050285,22263397       66148
765567,9232773135 6050230,76929080       66149
765540,5306045457 6050179,34337009       66150
765481,6250813361 6050117,66955856       66151
765412,2530941938 6050097,02801858       66152
765349,0088466257 6050086,05172721       66153
765289,3018533005 6050059,28255733       66154
765217,0480937669 6050025,87592141       66155
765147,6031732612 6050008,40784996       66156
765049,5273596708 6049993,45737830       66157
764998,4657659086 6050004,98468689       66158
764928,7296885778 6050000,20920403       66159
764887,9159055525 6049980,22368008       66160
764817,3598103999 6049943,39861064       66161
764784,1492633461 6049936,56971469       66162
764775,8678608488 6049882,40799704       66163
764773,7870470042 6049834,73815625       66164
764781,1527864747 6049790,45988355       66165
764798,037914183 6049746,400044993       66166
764818,2419152367 6049696,06673363       66167
764840,9635875532 6049674,36452319       66168
764863,5397312518 6049659,00858076       66169
764896,1449341557 6049621,65903018       66170
764900,4103587063 6049574,134669       66171
764864,2907958205 6049567,11156102       66172
764770,8211983866 6049548,937231746       66173
764791,898809657 6049460,52602135       66174
764854,5451115379 6049461,96355787       66175
764902,9589685476 6049463,07453019       66176
764885,1579694583 6049408,69409936       66177
764879,9038892863 6049360,95119988       66178
764855,9020540866 6049300,07882364       66179
764840,5262674503 6049263,702579644       66180
764828,7999323423 6049235,96038360       66181
764820,8094573668 6049169,10572826       66182
764828,3934768472 6049115,30767600       66183
764813,6197007281 6049067,34625981       66184
764815,4398051728 6048988,01720479       66185
764832,7617451695 6048924,91798922       66186
764862,412210346 6048877,97572816       66187
764891,8443858088 6048840,5529224       66188
764876,9976997902 6048795,76454291       66189
764865,0367566142 6048784,37901273       66190
764842,820909546 6048763,23211547       66191
764817,5811053034 6048756,30339845       66192
764797,9597482259 6048781,25190492       66193
764783,9567306612 6048838,07769667       66194
764770,1720057828 6048885,38397401       66195
764718,5278101546 6048922,29716236       66196
764664,0016977721 6048946,44492531       66197
764600,3201554028 6048954,50844549       66198
764530,3651445021 6048959,25325797       66199
764454,5005259919 6048944,81363417       66200
764384,5455873446 6048949,55854326       66201
764359,5361923471 6048956,29512983       66202
764330,2380548324 6048964,18686816       66203
764328,1748434061 6048927,596960884       66204
764333,548572987 6048808,66434286       66205
764345,6421503215 6048742,79946652       66206
764370,747224543 6048720,65447822       66207
764412,2894712922 6048708,90805862       66208
764434,3560880781 6048715,76386835       66209
764456,5274880913 6048731,29081063       66210
764503,7322013504 6048741,76570068       66211
764542,2436123771 6048718,23864222       66212
764591,2240950275 6048659,04035708       66213
764583,0875932227 6048598,53182478       66214
764618,4291155597 6048580,29341524       66215
764613,0290309724 6048538,89660575       66216
764594,7179073491 6048506,72823577       66217
764563,1317276426 6048499,65404873       66218
764547,0475507653 6048508,80961850       66219
764511,4875940741 6048536,56745871       66220
764463,3805801722 6048557,68793419       66221
764405,899687003 6048572,24364887       66222
764348,4188313626 6048586,79938093       66223
764317,6708779663 6048578,12497954       66224
764246,9659380533 6048430,99015541       66225
764260,9152133584 6048399,56167277       66226
764283,5579480736 6048369,42299475       66227
764274,6206443178 6048343,81937094       66228
764243,0345577495 6048336,74532274       66229
764211,796232645 6048341,21824789       66230
764204,810967163 6048342,21839171       66231
764176,3979523829 6048335,21713525       66232
764170,9248597468 6048296,9935532       66233
764187,300057378 6048275,1451551       66234
764184,9273435768 6048240,16758257       66235
764160,3424646781 6048204,68053339       66236
764180,3274223149 6048163,86587323       66237
764200,0214206282 6048135,74396487       66238
764239,3364787442 6048082,673079       66239
764240,2824316217 6048041,42185464       66240
764225,216983357 6048006,15303820       66241
764223,1352635251 6047958,48257644       66242
764217,8075888929 6047913,91250824       66243
764228,7095835444 6047853,8403443       66244
764210,1798432941 6047831,191441325       66245
764176,0869953313 6047815,33504567       66246
764159,9182170302 6047807,81505855       66247
764144,9253160735 6047769,3730404       66248
764148,1934766064 6047747,34394283       66249
764152,435871393 6047718,74759340       66250
764140,3978468326 6047689,89795107       66251
764127,2724012755 6047678,26515376       66252
764099,9466928993 6047654,04706837       66253
764081,6351295309 6047621,87864894       66254
764082,508140221 6047583,8004688       66255
764092,827944245 6047549,11360778       66256
764083,7448935914 6047529,856156       66257
764081,8811880443 6047472,66598168       66258
764101,5750382198 6047444,54379373       66259
764118,5322965959 6047397,30961812       66260
764123,3088415756 6047379,10984930       66261
764135,9259398188 6047331,03616       66262
764143,945484337 6047258,19813566       66263
764135,6625623922 6047204,03550050       66264
764117,9719862894 6047143,22196039       66265
764093,201768623 6047117,34061964       66266
764093,8624786038 6047088,51809574       66267
764094,0746549973 6047079,26215297       66268
764091,7015914936 6047044,28423195       66269
764057,66916251 6047005,40562122       66270
764023,7822767559 6046960,18062844       66271
763998,9784532556 6046934,21314925       66272
763945,9794764437 6046891,72498876       66273
763873,6503492576 6046861,49329714       66274
763812,8575590968 6046848,46355994       66275
763807,3038768463 6046847,2732204       66276
763750,0407628536 6046852,31055629       66277
763718,5268642482 6046842,06372245       66278
763701,3057394417 6046762,29724080       66279
763695,9774316003 6046717,726905853       66280
763722,3811229185 6046673,883750319       66281
763730,9701690665 6046646,9745019       66282
763739,4834738965 6046620,302798       66283
763743,4565872896 6046585,47026679       66284
763729,4816930622 6046545,43731453       66285
763725,580740416 6046534,2625650       66286
763730,5924884963 6046496,96460599       66287
763733,2361546041 6046477,2901689       66288
763738,2272497022 6046398,03244677       66289
763735,802596772 6046368,51782329       66290
763733,2622897746 6046337,5958963       66291
763718,6323337773 6046283,28761209       66292
763713,4492792865 6046232,37065837       66293
763724,5685432928 6046162,77782633       66294
763756,8382389471 6046084,47368927       66295
763775,2206987004 6046030,59300853       66296
763789,8766874196 6045945,20658553       66297
763788,0848691722 6045884,842477499       66298
763811,3154360121 6045840,92611769       66299
763808,382513236 6045829,11250715       66300
763802,5954950126 6045805,80237968       66301
763789,8297721653 6045808,68479338       66302
763744,8955457129 6045829,87965316       66303
763686,6141300495 6045879,34274084       66304
763654,5910766976 6045891,30862642       66305
763613,3390668919 6045890,36351931       66306
763608,2718435456 6045877,74956419       66307
763604,3282937498 6045867,93275576       66308
763644,0063747409 6045798,99408402       66309
763666,9460568144 6045767,77060185       66310
763699,4781352417 6045733,5920720       66311
763760,7874241767 6045690,54802507       66312
763827,570827439 6045685,72827809       66313
763849,9289732595 6045679,89072578       66314
763856,309583526 6045664,94168394       66315
763863,3489395145 6045648,44907982       66316
763857,656783896 6045619,74444827       66317
763846,1269450865 6045568,68174396       66318
763815,3396465011 6045526,70265516       66319
763812,8933857076 6045494,89746567       66320
763821,0467943025 6045483,7996923       66321
763835,8330429576 6045463,67384276       66322
763865,0465957792 6045435,76894517       66323
763907,0985395594 6045401,8082401       66324
763946,1225648836 6045361,42832703       66325
763959,6153361648 6045326,81330280       66326
763991,9548299995 6045162,45823670       66327
763978,464295245 6045084,01216073       66328
763966,7394382267 6045015,8339436       66329
763949,662428674 6044929,71971918       66330
763991,6418126634 6044898,93197892       66331
763957,4627263984 6044866,39968298       66332
763931,8585727767 6044875,33796500       66333
763887,2874522714 6044880,66696766       66334
763843,4432011076 6044854,26319406       66335
763800,035030362 6044808,81988958       66336
763801,0525747195 6044764,39413944       66337
763815,1265597292 6044704,39277539       66338
763844,1948002076 6044682,83405261       66339
763875,8548697613 6044686,73413169       66340
763905,2137671594 6044652,48223947       66341
763940,7012717675 6044627,89550272       66342
764014,4134081872 6044597,83451980       66343
764043,6271129858 6044569,92913299       66344
764047,360611637 6044560,62693395       66345
764073,9309934982 6044494,4246127       66346
764078,6307143391 6044427,85829196       66347
764060,1724012529 6044402,03597806       66348
764028,3669453574 6044404,482449220       66349
764021,075443475 6044445,58977967       66350
764013,8567171291 6044483,52381854       66351
763750,1839719152 6044490,18465556       66352
763728,3344599907 6044473,8095006       66353
763735,335050252 6044445,39542372       66354
763761,0845734285 6044430,11045304       66355
763812,3657319786 6044409,06022694       66356
763835,0874596023 6044387,35603607       66357
763847,9008648752 6044357,33487458       66358
763855,217215324 6044340,1928626       66359
763884,7942342958 6044296,42095862       66360
763897,5204569374 6044245,81613094       66361
763902,2594385663 6044226,97199634       66362
763891,3162603254 6044229,98362499       66363
763870,3085269607 6044235,76521009       66364
763831,7204900422 6044257,106099294       66365
763784,0485678851 6044259,18931784       66366
763755,8523277577 6044242,66891271       66367
763766,0261751576 6044214,32732781       66368
763798,4857387387 6044183,32123339       66369
763840,1018193904 6044168,39943473       66370
763866,2147616886 6044137,24798131       66371
763874,3348543931 6044112,85885032       66372
763879,8525946988 6044096,28588682       66373
763871,5681072876 6044042,12195499       66374
763865,8755448131 6044013,41695531       66375
763869,1902617995 6043991,06881527       66376
763873,3847823828 6043962,78960845       66377
763871,3014786004 6043915,117526       66378
763866,4252499631 6043907,42737979       66379
763834,5298606893 6043857,126258695       66380
763829,2732120985 6043809,38148375       66381
763830,871748207 6043739,56896424       66382
763838,5988661565 6043679,42159988       66383
763855,5617320258 6043647,35291500       66384
763861,8292605323 6043635,50397274       66385
763852,759449824 6043606,06446617       66386
763850,0079703048 6043597,133675585       66387
763838,2592185442 6043555,59007161       66388
763839,1310898808 6043517,5103821       66389
763865,2441475934 6043486,35862319       66390
763897,9216933013 6043445,83215031       66391
763901,894307056 6043410,99836731       66392
763902,8388179756 6043369,74530386       66393
763899,6388188209 6043351,594614333       66394
763897,2186426729 6043337,86693496       66395
763872,1228055602 6043324,59238828       66396
763846,6636043616 6043327,18457718       66397
763801,9674014426 6043362,41781365       66398
763772,2971436204 6043385,80647602       66399
763760,4830223538 6043392,20322752       66400
763704,7859252348 6043422,36043726       66401
763652,9959622119 6043465,62432989       66402
763623,5223412499 6043491,42563398       66403
763614,1171713369 6043499,65890581       66404
763578,9928843434 6043508,37966250       66405
763553,7518245208 6043501,45189889       66406
763554,6235794142 6043463,37226355       66407
763563,0295090968 6043455,87919958       66408
763603,2401700141 6043420,03570545       66409
763671,1871923257 6043364,44180237       66410
763758,2468679077 6043306,11044744       66411
763793,8070614701 6043278,34983617       66412
763801,0254593003 6043240,41535471       66413
763795,6959134303 6043195,84365013       66414
763771,1812018317 6043157,18267476       66415
763733,8979517624 6043115,54362934       66416
763724,7437729777 6043105,31995899       66417
763722,291273644 6043095,0509047       66418
763710,2574246362 6043044,66375152       66419
763686,2509981925 6042983,78960365       66420
763681,3571462134 6042920,17786053       66421
763688,7206993944 6042875,89672593       66422
763705,6768359365 6042828,66006096       66423
763716,4317067435 6042774,93145879       66424
763713,7667371428 6042752,64548382       66425
763695,0173563369 6042739,51639605       66426
763685,9332017947 6042720,2584737       66427
763683,8493784806 6042672,58592593       66428
763688,1848152473 6042621,8852982       66429
763676,6536145287 6042570,8214922       66430
763661,1225366932 6042535,45036551       66431
763655,5296777041 6042522,71320935       66432
763645,0498009592 6042510,6941007       66433
763590,5601494361 6042448,20135071       66434
763547,7184133088 6042395,51297296       66435
763519,5342518077 6042360,85099374       66436
763491,0919212904 6042340,323070236       66437
763469,5597292102 6042324,78247395       66438
763474,9864971766 6042314,52269469       66439
763479,5155261394 6042305,96026472       66440
763499,5721592472 6042261,9692668       66441
763501,4152284353 6042242,99199085       66442
763507,8794919556 6042176,4344548       66443
763506,303709243 6042106,54829659       66444
763488,2802990568 6042061,685817691       66445
763453,3735100228 6042060,887073087       66446
763405,482945742 6042072,49133076       66447
763379,6605149556 6042090,9504386       66448
763340,7092060663 6042128,15918907       66449
763294,802125546 6042185,54239578       66450
763245,9233027807 6042246,64013995       66451
763202,2738475886 6042350,4160567       66452
763191,7373244695 6042394,62480479       66453
763193,240548926 6042467,68393864       66454
763190,4811879479 6042588,27012413       66455
763209,7170426459 6042718,88453210       66456
763218,0025285308 6042773,04875341       66457
763201,3370598534 6042807,592034372       66458
763184,163340902 6042864,34863956       66459
763169,2914508046 6042959,2573575       66460
763167,548469288 6043035,416777872       66461
763169,3418811468 6043095,78218066       66462
763139,5474603854 6043149,07468716       66463
763131,3125598575 6043231,43528603       66464
763113,1339431142 6043394,69438110       66465
763095,344504233 6043554,45756162       66466
763057,0487367262 6043780,46569091       66467
763037,1872175443 6043954,63276270       66468
763040,4101301191 6044091,22884045       66469
763049,8341326711 6044234,31656699       66470
763059,1126665444 6044383,75063646       66471
763082,246595138 6044482,70297947       66472
763095,0613415433 6044616,34306073       66473
763124,3962086393 6044721,78707502       66474
763162,0880602854 6044878,221046044       66475
763185,366695814 6044970,8266202       66476
763210,8738591025 6045104,75702955       66477
763233,9342439987 6045206,88219504       66478
763226,0616148221 6045273,3748767       66479
763227,4179519461 6045352,7785647       66480
763242,5327748051 6045524,56929828       66481
763248,8544216513 6045664,40951922       66482
763255,7574120655 6045778,86372065       66483
763268,5705880796 6045912,50258319       66484
763288,3843702851 6046017,72768372       66485
763304,6612487033 6046138,74616310       66486
763324,5474903018 6046240,79789885       66487
763356,2539142673 6046381,21881647       66488
763394,0157930118 6046534,4779341       66489
763425,3583045073 6046690,7647986       66490
763463,1196602753 6046844,02365200       66491
763491,4338105852 6046993,89102969       66492
763532,3678394167 6047147,22234602       66493
763567,1734236341 6047290,88854797       66494
763604,86102245 6047447,32007541       66495
763641,6204085615 6047552,51557531       66496
763661,5146447793 6047607,36106857       66497
763707,0028555214 6047700,47434417       66498
763708,7939193668 6047760,83741106       66499
763743,8894796441 6047891,81040795       66500
763791,6047382716 6048026,24758586       66501
763839,3197652667 6048160,68470509       66502
763866,0592691631 6048240,6685807       66503
763878,2922806848 6048304,9103547       66504
763891,5618476637 6048374,59626916       66505
763933,6576525226 6048477,15605702       66506
763965,9426914391 6048592,19011213       66507
763997,8638105041 6048723,08993698       66508
764014,0645796463 6048847,27940357       66509
764027,0919631715 6048971,39607420       66510
764031,6915240122 6049047,697039938       66511
764054,4564404034 6049162,51246255       66512
764077,2213206749 6049277,32770465       66513
764084,8482180918 6049360,047634358       66514
764110,6404091206 6049481,28176750       66515
764121,4402717444 6049564,07436496       66516
764137,7855426508 6049681,916826325       66517
764161,2778185635 6049765,000502164       66518
764166,0952320911 6049831,781652627       66519
764192,323656613 6049933,97674276       66520
764211,6959848602 6050058,23803123       66521
764224,2122727345 6050204,56522981       66522
764243,1474920027 6050347,86488381       66523
764246,7266576283 6050468,5886065       66524
764254,352654933 6050551,30767852       66525
764267,815020449 6050656,384089868       66526
764296,4873953906 6050790,38245427       66527
764297,3299998437 6050891,99428517       66528
764307,8374412919 6050987,47834560       66529
764300,5444669334 6051028,58285754       66530
764271,1127562062 6051066,00444601       66531
764296,4245673236 6051069,76018206       66532
764343,001200801 6051115,2759138       66533
764379,1116700323 6051201,82319208       66534
764424,0128476303 6051320,31993990       66535
764472,3782973262 6051426,19710102       66536
764520,4521896243 6051544,76653430       66537
764558,8609772499 6051669,46361184       66538
764597,7795763708 6051771,94906637       66539
764639,5795577674 6051887,19960224       66540
764678,1335415212 6052005,55029440       66541
764713,4414225048 6052127,00122084       66542
764742,6216351027 6052238,78707311       66543
764771,728728784 6052353,74590972       66544
764800,8357714385 6052468,7046779       66545
764813,5577459898 6052532,00025426       66546
764826,4779888547 6052596,28277338       66547
764851,9014775362 6052733,37989341       66548
764871,5618085398 6052844,94670615       66549
764900,5952357862 6052963,07817879       66550
764920,5468772235 6053061,95269544       66551
764930,4689400729 6053182,8197644       66552
764950,2015608851 6053291,2132087       66553
764966,6153299927 6053405,87972045       66554
764990,2165285873 6053546,18013860       66555
764995,9047201896 6053651,00472335       66556
765008,8534299543 6053778,29016554       66557
765023,0690928784 6053879,90254481       66558
765047,6611011226 6054023,63311787       66559
765054,8466446423 6054125,38832474       66560
765067,8676303129 6054249,50019112       66561
765074,9800521284 6054354,42810180       66562
765076,7674091856 6054414,78804408       66563
765073,8131114452 6054443,42216089       66564
765068,598177254 6054493,96721603       66565
765073,7043297269 6054548,05402775       66566
765080,4690525064 6054641,88424547       66567
765083,3331779528 6054681,61157662       66568
765093,6911561553 6054783,4390409       66569
765097,1925006108 6054907,33140291       66570
765097,5207501178 6055031,15078081       66571
765091,6488394558 6055148,47807699       66572
765098,5416672595 6055262,924054312       66573
765099,0155042417 6055380,3970814       66574
765108,8622228671 6055504,4346598       66575
765091,684247985 6055561,18327855       66576
765073,0968287869 6055600,541544558       66577
765054,9552312474 6055642,68871841       66578
765034,8256855946 6055686,86161861       66579
765011,0829455038 6055752,98304209       66580
765000,4696467132 6055800,35853357       66581
764995,2538835376 6055889,12833561       66582
764980,0896503777 6055983,20343779       66583
764979,0600287616 6056041,13813660       66584
764981,1435759175 6056138,69052592       66585
764977,1255088163 6056263,31720071       66586
764967,5690746541 6056402,78061087       66587
764975,0447046617 6056491,84173947       66588
764969,7555926789 6056583,78383539       66589
764938,7181872253 6056691,00665658       66590
764905,3834557268 6056760,08124154       66591
764834,5575526482 6056802,89674771       66592
764783,2800121679 6056823,93968339       66593
764737,6915884952 6056873,68476950       66594
764720,9512750364 6056911,3948297       66595
764729,3755085729 6056959,20748121       66596
764760,3018687337 6056994,83930982       66597
764812,9278132631 6057053,19234470       66598
764872,118449732 6057102,17265901       66599
764965,4082732693 6057186,85792841       66600
765080,251472844 6057300,61041135       66601
765114,2045186164 6057342,661192832       66602
765154,4304445265 6057388,0308863       66603
765219,5286673645 6057456,194917100       66604
765234,8091808276 6057481,94324075       66605
765255,267453135 6057558,60399521       66606
765288,9283890412 6057613,34644581       66607
765335,7189167249 6057649,34353742       66608
765413,9464755578 6057698,76236391       66609
765512,923973128 6057812,15047357       66610
765627,2545581879 6057948,11420288       66611
765657,9612868926 6057993,26509267       66612
765752,5641735925 6058020,83906636       66613
765789,9086444238 6058053,44448861       66614
765820,3231434305 6058111,28704003       66615
765856,8642761221 6058178,79434656       66616
765871,3410607707 6058239,44460791       66617
765860,9459372218 6058277,300304268       66618
765895,1903982296 6058306,65984722       66619
765941,980427391 6058342,65725625       66620
765969,8061247657 6058375,04364781       66621
765990,9937446581 6058419,97551928       66622
766041,1026729939 6058449,70036092       66623
766100,8034065927 6058476,47139838       66624
766154,8887578184 6058471,36746658       66625
766193,0366176462 6058469,071191722       66626
766309,7033370049 6058503,50323138       66627
766473,0868603501 6058577,10612578       66628
766633,0051239706 6058663,328013889       66629
766708,2779842116 6058703,15649208       66630
766771,0783523137 6058733,17415461       66631
766891,3564758364 6058748,64270835       66632
766989,9358363394 6058741,38952981       66633
767101,2799825559 6058731,25587364       66634
767156,4619516641 6058678,55884162       66635