659349,2459395669 5979824,27728278       57673
659353,0563363191 5979773,03825957       57674
659377,9216191419 5979701,601932       57675
659386,8908496634 5979656,7996327       57676
659392,1873528338 5979587,50711403       57677
659360,7239620066 5979543,60788770       57678
659339,9432628287 5979505,34218969       57679
659324,6790857376 5979461,7935196       57680
659333,421526307 5979432,27025066       57681
659347,6807068181 5979397,46410332       57682
659351,0818330842 5979365,12410405       57683
659321,7338641942 5979348,28198048       57684
659297,4350068491 5979347,75601731       57685
659278,0978674211 5979370,46668407       57686
659266,3922788149 5979409,21031192       57687
659235,1158096229 5979481,4639691       57688
659182,065052688 5979561,349721177       57689
659159,1804957493 5979620,27928501       57690
659144,2785255625 5979684,78387237       57691
659127,144362261 5979727,63103664       57692
659081,4730378116 5979760,11966118       57693
659045,6145644551 5979809,39943991       57694
659049,8330048769 5979845,48782626       57695
659071,4747704775 5979861,95497705       57696
659117,9903472032 5979837,96388414       57697
659155,3233859545 5979798,47035855       57698
659195,8212499607 5979799,34699299       57699
659222,4692677634 5979816,130632807       57700
659267,3734130914 5979863,02178418       57701
659301,4780561584 5979909,679265       57702
659322,7347507343 5979941,38800508       57703
659381,5386959012 5979954,63045059       57704
659406,0713396629 5979944,35712345       57705
659412,289258251 5979906,675874       57706
659385,4660240121 5979897,99183984       57707
659359,0518208765 5979870,40868466       57708
659349,2459395669 5979824,27728278       57709
