459204,3470143036 6080286,35021321       2624
459240,3409241293 6080284,23089439       2625
459271,4422841912 6080299,22198169       2626
459298,6996722079 6080312,36028444       2627
459324,93249585247 6080323,27569391       2628
459341,05355669896 6080337,26480537       2629
459366,6421208951 6080360,65422404       2630
459382,89338844357 6080346,99770178       2631
459364,6244647718 6080311,67986020       2632
459349,15088874736 6080286,40439573       2633
459328,62619884603 6080264,02399250       2634
459282,50574273255 6080223,15650767       2635
459217,99625057314 6080198,03512394       2636
459129,4887090891 6080197,588393521       2637
459057,88533199305 6080210,69078671       2638
458992,25213307247 6080255,6198861       2639
458953,0311729502 6080301,07650593       2640
458939,0074228632 6080341,75176323       2641
458930,0287906033 6080394,41793903       2642
458935,7572488222 6080433,93752625       2643
458949,9734915194 6080472,17027338       2644
458972,5571683393 6080488,70980440       2645
458996,2335565017 6080506,04971043       2646
459056,02914403664 6080512,23721989       2647
459069,2257673568 6080501,51560954       2648
459065,691316409 6080478,47600024       2649
459043,19001752476 6080455,05757042       2650
459013,68098264973 6080432,49783340       2651
459006,2133063087 6080406,38369194       2652
459025,85803621926 6080372,8218029       2653
459059,179301534 6080354,51287982       2654
459091,7216426709 6080325,20320814       2655
459142,91185973695 6080312,24448050       2656
459204,3470143036 6080286,35021321       2657
