372251,07247773436 5950424,69136068       1007
372376,77331651724 5950407,19921627       1008
372516,21432981826 5950415,61691165       1009
372624,49385795253 5950414,87977433       1010
372821,63994754927 5950427,91797914       1011
372931,79008424253 5950420,0668585       1012
373026,6724877188 5950391,38466468       1013
373206,3739018352 5950380,64487044       1014
373375,1278090061 5950346,89918059       1015
373575,3207177689 5950308,06890054       1016
373689,9072006248 5950276,11578533       1017
373798,1308493065 5950278,22752416       1018
374012,78596587863 5950228,28388265       1019
374311,4779484235 5950105,904956       1020
374435,497902315 5950028,551414642       1021
374485,525721275 5949946,90481020       1022
374502,32286384853 5949816,17512811       1023
374496,00263817934 5949702,08862291       1024
374290,5746858836 5949279,26329213       1025
374211,0529169842 5949266,314629232       1026
374257,9124649316 5949347,00390357       1027
374267,63671811234 5949432,66632731       1028
374215,31651519425 5949485,77775000       1029
374086,4337875874 5949520,30028023       1030
373971,9022616447 5949549,4049750       1031
373851,39684791135 5949592,63854331       1032
373751,3832709619 5949607,78122461       1033
373648,74394228164 5949611,4764194       1034
373424,4739839524 5949570,06199175       1035
373249,06439023913 5949506,80839440       1036
373155,08002792485 5949504,97462094       1037
373089,18681488326 5949523,632653207       1038
372934,616262163 5949560,50431876       1039
372791,8266572331 5949577,6623274       1040
372623,8493596785 5949571,53632126       1041
372529,90895526274 5949594,24713856       1042
372487,98427788226 5949590,4294025       1043
372416,65180123947 5949589,77888009       1044
372224,79368989135 5949580,84708137       1045
372093,67363645375 5949583,98791711       1046
372035,26283864066 5949576,59933324       1047
371993,53302446933 5949562,78572003       1048
371921,67110862315 5949526,19256371       1049
371800,5849864302 5949509,02369798       1050
371326,79861922574 5949484,96439090       1051
371321,06778438156 5949484,67335160       1052
371313,148347818 5949577,3144470       1053
371205,4786327781 5949546,72399442       1054
371123,5520557924 5949510,93729200       1055
370993,04225734255 5949482,7507912       1056
370856,3366911819 5949480,08563115       1057
370782,50986230245 5949467,24994372       1058
370649,76959778334 5949441,87188078       1059
370597,4836531925 5949431,8755541       1060
370547,30872327014 5949421,58899729       1061
370453,69634338794 5949401,76444787       1062
370364,14079570293 5949379,01905711       1063
370303,41797469615 5949364,83560934       1064
370240,310876731 5949365,50893870       1065
370160,56567118486 5949363,95462885       1066
370070,5869984623 5949356,29757573       1067
370012,8378906228 5949354,646758635       1068
369960,6494140256 5949353,15493667       1069
369913,6872260793 5949351,23969377       1070
369867,78308293223 5949346,34511594       1071
369773,9529936571 5949319,38116395       1072
369714,3300594028 5949318,3548359       1073
369636,2629916532 5949321,83346313       1074
369568,83786066144 5949318,23307547       1075
369498,5698253838 5949306,15039328       1076
369415,3205672464 5949300,99593130       1077
369226,9605816748 5949317,26967850       1078
369144,4780480819 5949309,964329679       1079
369091,1953055095 5949274,21293966       1080
369087,4434115296 5949166,39615403       1081
369000,81826109526 5949079,23417219       1082
368907,14165251027 5949080,37853583       1083
367874,3239037364 5949093,00020745       1084
367758,3396860544 5949092,07068715       1085
367617,619351959 5949149,1624881       1086
367530,3273307678 5949096,17776282       1087
367638,92300117196 5948933,04147954       1088
367582,6825209869 5948894,90721546       1089
367613,78973032354 5948809,39633910       1090
367636,88760772365 5948744,95728507       1091
367631,80159503774 5948713,51748344       1092
367609,2942303375 5948698,83332242       1093
367583,5505699554 5948704,03027477       1094
367545,7490234587 5948743,18237470       1095
367401,98192268645 5949024,92121864       1096
367341,41226926306 5949106,15220301       1097
367272,89125168184 5949148,14808826       1098
367186,9446130745 5949146,50142671       1099
367122,566818731 5949157,66606839       1100
367140,2057720219 5949102,12787867       1101
367120,1612194313 5949068,62257645       1102
367058,04536161653 5949061,33925948       1103
366970,8098895361 5949032,59966539       1104
366848,6967558992 5948979,51471670       1105
366754,883512737 5948961,13076352       1106
366673,9872172389 5948917,12713429       1107
366652,2537550175 5948889,403532390       1108
366614,99916740437 5948841,8754832       1109
366435,4226962625 5948794,99283692       1110
366320,1836254784 5948764,907011392       1111
366299,3393572083 5948664,78014622       1112
366230,8741252165 5948669,14574842       1113
366270,8235168259 5948812,38215786       1114
366270,025582067 5948936,1694609       1115
366166,1167678423 5948957,94843478       1116
366048,1483514804 5948958,89464295       1117
365948,85716670565 5948959,6984541       1118
365829,99949675857 5948917,76907421       1119
365684,3031452813 5948937,72706390       1120
365633,14816580224 5948931,03321318       1121
365476,6136137382 5948922,28860804       1122
365432,4294764176 5948850,19935445       1123
365242,2162250662 5948815,15706009       1124
365103,65657168394 5948761,17560607       1125
365063,7838146364 5948760,38728943       1126
364918,52947088913 5948757,57362384       1127
364852,6904992066 5948773,38784711       1128
364723,06271055347 5948699,636105780       1129
364659,960923685 5948721,20204056       1130
364600,9816735704 5948677,316728841       1131
364441,33612325275 5948652,06445141       1132
364333,97904770984 5948635,0831531       1133
364259,37416382204 5948624,56889539       1134
363759,151546645 5948554,0722556       1135
363671,42936712585 5948541,70971757       1136
363659,6388762835 5948587,77666059       1137
363548,838931769 5948571,375832383       1138
363437,5958288871 5948577,76014300       1139
363338,1881533797 5948561,58100230       1140
363258,8311824711 5948520,68576492       1141
363117,0308744719 5948505,99484556       1142
362906,37965113856 5948496,20048023       1143
362679,30392431107 5948451,89660423       1144
362689,5313065695 5948398,29584235       1145
362472,9954072118 5948365,25851164       1146
362463,67578568315 5948404,96639103       1147
362276,41809381114 5948364,28624199       1148
362263,8075143675 5948426,72398947       1149
362073,75682822976 5948383,14064124       1150
362053,7565021626 5948473,93004373       1151
362005,7461470033 5948472,32384883       1152
361945,8840293409 5948465,16019164       1153
361885,1193937508 5948452,97889989       1154
361764,7256989514 5948421,63828069       1155
361705,23263273685 5948395,48142285       1156
361482,02896748995 5948357,88128443       1157
361331,0160708623 5948331,98964017       1158
361273,1690968975 5948322,07170001       1159
361076,7578328587 5948299,20449276       1160
360841,7662495732 5948300,98872620       1161
360666,7323322722 5948281,27016305       1162
360569,30436836596 5948270,294477859       1163
360386,0812722433 5948222,28358416       1164
360258,67609544494 5948292,216677031       1165
360147,75979012647 5948395,459772740       1166
360038,3675548655 5948469,53730904       1167
359891,8748556756 5948492,09288173       1168
359732,80981464963 5948508,05416677       1169
359598,88936786447 5948537,20443683       1170
359434,2160401819 5948514,95589912       1171
359276,8764625331 5948442,04830099       1172
359135,2121922425 5948339,15022015       1173
359051,55927571305 5948272,56731622       1174
358907,28449951415 5948180,86278150       1175
358787,7847048717 5948121,39041910       1176
358623,60328724864 5948073,75105916       1177
358402,1675897234 5948031,35054492       1178
358211,9780664019 5948014,95794336       1179
358133,22070674214 5948020,6134952       1180
358085,83151644847 5948069,70196381       1181
358083,7692748471 5948079,31341000       1182
358062,7733944159 5948177,16836351       1183
358085,70060100313 5948304,61850012       1184
358166,00490523904 5948420,48164098       1185
358797,5246398619 5948928,05799665       1186
359006,9108762274 5949012,81131268       1187
359251,97872702446 5949070,23495246       1188
359395,61247566633 5949076,70994969       1189
359499,4193289096 5949081,38962518       1190
359645,78826344735 5949065,181172173       1191
359805,46915104863 5949017,48056397       1192
360075,86772806925 5948999,64445769       1193
360313,4147876771 5949020,99539152       1194
360443,2739791076 5949029,56536455       1195
360586,12224529585 5949038,99277377       1196
360902,8938289874 5949076,89719540       1197
361113,0574956718 5949090,84031148       1198
361244,8090625518 5949127,99101136       1199
361536,9930504336 5949173,33907929       1200
361640,44363554433 5949189,66714288       1201
361767,4107610847 5949209,70691254       1202
361882,42767288035 5949238,40279850       1203
362025,10086299456 5949273,99892985       1204
362143,2266386861 5949297,85220168       1205
362472,8142696117 5949329,65845267       1206
362675,0771352013 5949378,04071103       1207
362805,56701676745 5949431,62854302       1208
362987,4589587628 5949455,10880434       1209
363135,28409306594 5949472,22859769       1210
363240,60888641514 5949477,1254070       1211
363357,10464770405 5949493,63630595       1212
363444,8423304522 5949523,83407771       1213
363564,2967555228 5949534,70428222       1214
363648,89938286634 5949530,49096284       1215
363754,842969834 5949552,6552086       1216
363913,9492297863 5949575,69341856       1217
364092,8811801643 5949604,81577769       1218
364266,2829413414 5949625,28311117       1219
364544,8114664098 5949653,70828380       1220
364661,2266307492 5949681,40067812       1221
364757,6739435193 5949703,22090702       1222
364896,8980969045 5949723,02408815       1223
364999,31845555245 5949730,71478807       1224
365169,5943184289 5949765,36820076       1225
365362,93167380535 5949786,22451934       1226
365521,7593608857 5949823,50464056       1227
365768,655679912 5949873,89512105       1228
366101,04935306177 5949923,10061772       1229
366285,84149833117 5949943,791714393       1230
366433,3868910426 5949975,15476703       1231
366561,49457160814 5949980,49730856       1232
366729,5305495742 5949983,76795339       1233
366925,6589113234 5950007,52963550       1234
367107,60230046813 5950028,16623124       1235
367275,41610484535 5950042,82979265       1236
367394,9791202722 5950048,00659435       1237
367528,50511613773 5950067,70114408       1238
367690,2897724388 5950099,3424253       1239
367849,72528694454 5950105,29603681       1240
368028,9307726364 5950120,18212383       1241
368128,55704306683 5950124,97136976       1242
368300,0500250816 5950096,97062554       1243
368473,66995646025 5950106,05034303       1244
368621,71285603044 5950111,78282031       1245
368806,2809930302 5950143,86909237       1246
369067,96786270605 5950166,06128313       1247
369418,16538422846 5950178,58187936       1248
369551,9675122907 5950184,03792740       1249
369767,69659670885 5950225,27978934       1250
369929,42385878734 5950259,77131625       1251
370085,84331784566 5950274,21579738       1252
370165,5326388391 5950278,61788074       1253
370288,0531490437 5950278,15641684       1254
370382,25996535947 5950268,59600348       1255
370507,1289887897 5950293,82242379       1256
370632,10883557325 5950313,35300015       1257
370737,319004153 5950323,95099709       1258
370833,8185988828 5950342,92650389       1259
370930,8176784823 5950336,269926663       1260
371027,09510590235 5950366,63767834       1261
371132,47162675683 5950368,69185985       1262
371272,1908407106 5950362,86831413       1263
371400,1848337008 5950373,91093622       1264
371522,4272213921 5950387,69056163       1265
371687,5006564812 5950396,60732220       1266
371838,27850521303 5950408,09444829       1267
371963,6462669467 5950407,69000815       1268
372111,63143440953 5950416,27392404       1269
372251,07247773436 5950424,69136068       1270