609423,3159991059 5267949,3001427       56882
609508,4185687226 5267990,90451335       56883
609581,8486532577 5268140,36944588       56884
609699,671129446 5268380,19355524       56885
609799,2050503048 5268501,99201039       56886
609883,2776222855 5268648,46473822       56887
610138,0405763561 5268853,18251649       56888
610215,6064440988 5269011,80771205       56889
610292,3695492506 5269172,90068506       56890
610313,6003519983 5269225,61853671       56891
610354,390530535 5269303,05605516       56892
610448,5331465675 5269355,0955444       56893
610497,6586020543 5269411,55016099       56894
610558,9720805392 5269521,101438398       56895
610637,2625681887 5269572,8343088       56896
610703,2630552597 5269576,75432223       56897
610766,9792515772 5269562,12880316       56898
610792,6292387173 5269613,05780769       56899
610804,3610979823 5269679,14641170       56900
610792,5659690645 5269742,35152727       56901
610748,7082121001 5269823,43776675       56902
610749,867875369 5269900,1089155       56903
610722,0157632912 5269973,57575617       56904
610688,4704478397 5270068,07697693       56905
610660,6693462387 5270138,90175727       56906
610651,2605243392 5270215,36872227       56907
610618,1240261717 5270288,73336456       56908
610581,7830213984 5270391,109988946       56909
610579,7890286851 5270494,15125672       56910
610578,8687138022 5270541,70880633       56911
610590,2896457205 5270634,43746615       56912
610709,8036047092 5270610,86803430       56913
610773,3607248968 5270598,33385620       56914
611016,48356548 5270692,61014868       56915
611199,9171856865 5270763,74022157       56916
611282,878486727 5270916,18819343       56917
611395,3667106365 5271143,13086214       56918
611417,4842836995 5271187,5131383       56919
611274,9369651712 5271176,30228667       56920
611155,8376188516 5271184,57047221       56921
611065,9548974538 5271185,4744560       56922
611002,1865250219 5271202,74229763       56923
610946,6511912579 5271204,31076814       56924
610882,8316810485 5271224,220599269       56925
610845,8421445815 5271223,50482628       56926
610790,7669735583 5271201,294316       56927
610740,6181556553 5271197,68080301       56928
610713,8903227216 5271213,02209697       56929
610697,0151125521 5271265,55743645       56930
610695,8390930753 5271326,32588863       56931
610702,691636172 5271381,96353135       56932
610725,2371672767 5271443,83925552       56933
610589,1582780652 5271455,19119456       56934
610453,523947736 5271443,57537818       56935
610296,0818890563 5271371,59947265       56936
610200,9905661418 5271329,80029311       56937
610095,0501893106 5271280,79831310       56938
610046,0614108044 5271282,84685480       56939
609941,1517528726 5271283,812781326       56940
609880,2781956451 5271235,48791069       56941
609818,9241841825 5271128,04797871       56942
609693,9758359139 5271028,891980343       56943
609511,0536177502 5270950,82377640       56944
609358,1544584766 5270953,85684147       56945
609212,7954024125 5270981,5142355       56946
609073,7448984473 5270990,30522737       56947
609035,5860434792 5271000,554715157       56948
608978,9813973806 5271086,36765533       56949
608874,2656251674 5271077,34674213       56950
608652,8705813132 5271058,07391293       56951
608526,2248548494 5271046,62994278       56952
608469,3992031467 5271027,507415635       56953
608401,488603915 5271053,9440467       56954
608344,0538568208 5271017,149824209       56955
608302,1545803978 5271065,23491672       56956
608217,5054780387 5271068,88100850       56957
608176,2204448399 5271085,26101782       56958
608109,0265019251 5271074,70832926       56959
608053,2612156925 5271088,16467257       56960
608026,0313244348 5271061,20628374       56961
607941,6639644959 5271050,32072291       56962
607899,9538904667 5271020,43868989       56963
607882,5344952927 5270964,59655627       56964
607846,5438459947 5270912,35931547       56965
607838,013311194 5270875,19109526       56966
607803,973540687 5270858,67297685       56967
607751,3214496593 5270779,682233131       56968
607792,1557554703 5270718,36156424       56969
607854,6540070339 5270698,42817868       56970
607921,0742766268 5270612,4941640       56971
607934,3969804386 5270538,74660771       56972
607840,8084543317 5270526,36093611       56973
607723,9788306492 5270485,77261043       56974
607682,960231399 5270420,22279359       56975
607599,4442100822 5270385,16044366       56976
607507,1511166828 5270291,12086332       56977
607544,009228813 5270247,39535920       56978
607591,0887494878 5270209,68389862       56979
607636,2751134612 5270170,00447409       56980
607660,3385774624 5270124,1222284       56981
607678,6854323737 5270074,26669604       56982
607704,5296497003 5270036,14371612       56983
607827,6650283041 5269824,36731821       56984
607838,5092032889 5269799,27232462       56985
607823,4769099444 5269777,73805360       56986
607779,4503761975 5269757,57304153       56987
607747,0439401728 5269735,70212402       56988
607741,9632641535 5269698,91116360       56989
607756,598722573 5269641,25917116       56990
607781,0360058623 5269576,07242061       56991
607813,1202426412 5269514,89626092       56992
607842,1350757435 5269490,00245688       56993
607897,1397871228 5269464,38219837       56994
607922,7593247772 5269437,84207228       56995
607935,2022896716 5269393,6659256       56996
607936,2495031581 5269339,61317784       56997
607963,6570067765 5269250,34694660       56998
608194,8198037813 5269229,11952635       56999
608404,6534856926 5269226,19145970       57000
608624,5309237062 5269220,46066978       57001
608697,4841235451 5269218,87671118       57002
608774,2731270962 5268967,6325520       57003
608824,4347245095 5268801,78162761       57004
608956,04122445 5268453,70424781       57005
609035,527551191 5268269,44199738       57006
609068,1944549233 5268156,99247624       57007
609073,0095360159 5268139,30785067       57008
609101,8650206013 5268041,97145930       57009
609120,0389777329 5267980,38975074       57010
609135,0239371086 5267928,73560844       57011
609146,8392418558 5267886,01046862       57012
609167,1455396774 5267817,47762516       57013
609387,5812607452 5267930,911539528       57014
609423,3159991059 5267949,3001427       57015