732745,6315123676 6031197,88447937       64441
732729,6639371156 6031196,52484741       64442
732715,6050621511 6031199,20777117       64443
732701,4561273858 6031205,88821782       64444
732688,2840601838 6031213,59056029       64445
732676,0663450282 6031223,31417800       64446
732650,6090272231 6031243,73827506       64447
732598,807619663 6031279,56704582       64448
732573,3953636689 6031297,99237415       64449
732561,177671487 6031307,715983869       64450
732549,9368455416 6031318,46148577       64451
732540,6722637437 6031330,25139394       64452
732532,3395176269 6031345,06194934       64453
732526,0055286689 6031359,91753132       64454
732521,6477810384 6031375,81751783       64455
732521,3550882534 6031388,80942795       64456
732523,9929821509 6031404,86701395       64457
732529,6515210321 6031419,99276616       64458
732537,3313270544 6031434,16417090       64459
732545,0336456734 6031447,33619846       64460
732563,4589223787 6031472,74842435       64461
732603,3526082558 6031521,641680581       64462
732621,7778542077 6031547,053916709       64463
732637,1824428141 6031573,39798138       64464
732673,6275641322 6031642,21124012       64465
732688,9870804814 6031670,55405898       64466
732705,4135165381 6031695,92126875       64467
732723,8161756484 6031722,33289347       64468
732744,2175750963 6031748,78955903       64469
732764,6414824385 6031774,24685314       64470
732775,3868991507 6031785,48769833       64471
732786,1773530508 6031794,72979393       64472
732797,9671808241 6031803,99441091       64473
732810,8915026179 6031807,28529673       64474
732828,01600845 6031801,67188437       64475
732844,2987834217 6031789,04032186       64476
732845,5458814101 6031778,06970655       64477
732842,817994558 6031766,009633562       64478
732836,1151214432 6031752,86010377       64479
732827,4134934309 6031739,66553436       64480
732798,3555024615 6031698,01551861       64481
732790,6757588277 6031683,84409421       64482
732781,9966357275 6031669,65015095       64483
732763,9767819578 6031626,2490943       64484
732754,6585628814 6031596,04259989       64485
732747,3390883496 6031565,88113745       64486
732745,6781025854 6031550,84544011       64487
732746,038388047 6031534,85539901       64488
732747,3755321152 6031519,88725103       64489
732756,7891641232 6031457,10657108       64490
732798,2729853 6031391,04888535       64491
732827,111274703 6031353,70295148       64492
732834,4221780937 6031339,8692554       64493
732840,7337023343 6031326,0130394       64494
732844,0696037455 6031311,0898886       64495
732844,4523980061 6031294,10042260       64496
732841,7920145699 6031279,04216355       64497
732840,1535267753 6031263,0070393       64498
732832,4061676352 6031251,83371569       64499
732819,6619025753 6031240,54780881       64500
732803,0777272752 6031222,1761722       64501
732791,3328369388 6031210,912786       64502
732777,4766019746 6031204,60127445       64503
732761,576572851 6031200,243494       64504
732745,6315123676 6031197,88447937       64505