664694,0796437901 5990675,64352345       58599
664674,0809136108 5990675,20882692       58600
664613,287708183 5990710,56904449       58601
664568,870412481 5990759,62410513       58602
664537,7856471145 5990808,96893265       58603
664506,1213222146 5990884,9786131       58604
664501,6435943022 5990926,09716608       58605
664497,7887272206 5990961,49536902       58606
664488,1521231937 5991098,00812524       58607
664483,4424262815 5991161,26473356       58608
664464,8932065339 5991247,56336115       58609
664458,806887405 5991374,14882744       58610
664449,3439503731 5991514,92673789       58611
664447,440784657 5991543,239246326       58612
664432,7761014545 5991665,90207690       58613
664422,3913193053 5991775,65977598       58614
664417,0468371981 5991837,53421986       58615
664414,7221970347 5991898,474431707       58616
664411,3329898987 5991962,39101216       58617
664409,6383501813 5992040,34225544       58618
664409,9424342527 5992118,33690180       58619
664412,2452383 5992196,37495317       58620
664414,548013145 5992274,41295695       58621
664419,5229593506 5992367,50667649       58622
664424,8237827872 5992445,60976094       58623
664450,7626357586 5992664,48783822       58624
664503,2938143413 5992855,70461655       58625
664573,2148189456 5993013,95301035       58626
664630,4555521944 5993141,91392219       58627
664718,7071692887 5993377,25732332       58628
664788,1922558772 5993555,50384360       58629
664835,8682146737 5993663,248710073       58630
664889,9381516866 5993791,88740319       58631
664927,8140862489 5993881,999016941       58632
664971,7075015606 5993958,7782395       58633
664988,192977288 5993987,61501884       58634
665038,0727414626 5994084,68410722       58635
665093,448871648 5994085,67909888       58636
665104,6081003312 5994032,56802453       58637
665098,559075187 5994016,05565042       58638
665047,5913738686 5993876,92564729       58639
664972,9670787139 5993722,32755117       58640
664928,5444649534 5993624,2250031       58641
664882,0976165119 5993530,86922541       58642
664811,307775127 5993412,61754745       58643
664755,1546671271 5993234,6608777       58644
664725,8832512067 5993047,28465753       58645
664737,7669867717 5992960,842505       58646
664705,161167527 5992926,78704785       58647
664686,4674498913 5992866,35695890       58648
664678,3527183218 5992779,47980988       58649
664667,4121807914 5992669,19862690       58650
664651,9063912622 5992615,50712608       58651
664637,4877875478 5992511,81945663       58652
664639,2996160343 5992428,492516288       58653
664663,9356733556 5992369,00448434       58654
664665,7474704386 5992285,6774375       58655
664677,630948989 5992199,23473058       58656
664686,1088284219 5992116,05250137       58657
664731,0332848694 5992043,66662724       58658
664756,0317218564 5991967,51286048       58659
664774,2915510564 5991894,54722178       58660
664782,1171955806 5991841,36267483       58661
664763,4230612544 5991780,93211195       58662
664710,9633434329 5991586,3804616       58663
664689,2257886959 5991512,54493362       58664
664690,3127009904 5991462,54843757       58665
664701,6887497115 5991399,43685904       58666
664710,0940530268 5991319,58719700       58667
664708,1376302142 5991256,18560131       58668
664692,5588926632 5991205,82670931       58669
664667,4880979721 5991131,91854599       58670
664653,1410199912 5991024,89667209       58671
664651,9091064536 5990928,163774474       58672
664657,3481021671 5990831,35253849       58673
664658,9371602879 5990758,2470697       58674
664683,2833329092 5990712,090474606       58675
664694,0796437901 5990675,64352345       58676