758111,8209208982 6040042,15677744       66636
758159,6779011043 6040024,99289656       66637
758213,0922238792 6040004,30470974       66638
758286,9305185878 6039941,31511075       66639
758296,9083262931 6039931,36799065       66640
758319,6784148755 6039893,55009846       66641
758329,6759892893 6039855,44072353       66642
758328,8090239882 6039813,43227393       66643
758319,24902657 6039800,06045100       66644
758312,8868987403 6039791,16172500       66645
758308,2872994409 6039752,71922168       66646
758319,7411710172 6039693,28297018       66647
758305,3114444525 6039643,11541487       66648
758301,7618489515 6039619,29439705       66649
758297,3955233946 6039589,99242454       66650
758269,5750605045 6039529,11276837       66651
758237,0644132117 6039513,76621295       66652
758204,4288714573 6039503,893538       66653
758166,1944715718 6039499,37005123       66654
758131,3595445055 6039505,87766523       66655
758092,6672408793 6039521,42533232       66656
758072,2630857625 6039535,56457294       66657
758045,7189139245 6039578,77333085       66658
758024,7319684546 6039618,45761476       66659
757994,8298908276 6039648,81054374       66660
757970,0271167627 6039695,710092667       66661
757941,4502326362 6039748,00039781       66662
757881,9376978932 6039795,93353959       66663
757820,8087517673 6039834,70196720       66664
757796,6304909275 6039854,23182418       66665
757774,443362741 6039866,50476152       66666
757739,4731277598 6039873,21527763       66667
757706,6820196131 6039875,91240585       66668
757670,0643525217 6039880,55369937       66669
757646,1775287533 6039887,31119319       66670
757634,8967691022 6039901,65850701       66671
757632,739052333 6039916,2139453       66672
757653,9270957279 6039947,73230145       66673
757693,6944226604 6039965,06987516       66674
757764,5638478387 6039979,465846430       66675
757835,5165493626 6039990,2125574       66676
757870,2797741614 6040016,504746621       66677
757898,338089853 6040037,28558889       66678
757923,9246537376 6040036,043833544       66679
757957,1012943888 6040022,19614736       66680
757986,1289269429 6040030,16082094       66681
758027,7625980851 6040045,71549059       66682
758069,6876151186 6040048,49770326       66683
758111,8209208982 6040042,15677744       66684