757445,056059146 6039340,52309506       64413
757419,677503595 6039332,641911630       64414
757393,966028349 6039339,35785800       64415
757324,5399164289 6039421,75174168       64416
757303,4701188799 6039465,08537261       64417
757280,5341028426 6039510,20197408       64418
757279,4104837342 6039559,46715420       64419
757292,9820310163 6039612,57220106       64420
757302,8745810739 6039651,28175212       64421
757318,2974294698 6039695,44761189       64422
757354,2075301552 6039721,82489862       64423
757394,0997954418 6039733,68827681       64424
757417,3622810908 6039754,30033236       64425
757447,715183405 6039784,20212145       64426
757483,4333278202 6039798,53377588       64427
757491,1318831216 6039801,62282256       64428
757509,5031362921 6039796,56512272       64429
757511,8688389233 6039772,88642900       64430
757508,8022316672 6039747,258253192       64431
757500,4282747615 6039714,20666984       64432
757490,4793212948 6039670,165595232       64433
757486,0459005304 6039624,42475913       64434
757473,4465432586 6039536,50902702       64435
757470,2280956944 6039506,96522674       64436
757462,8798149531 6039439,51168671       64437
757462,1100121927 6039409,8399184       64438
757460,9367863749 6039364,6180432       64439
757445,056059146 6039340,52309506       64440