301890,30255462916 5600399,2028573       224
301901,7149731902 5600287,98845623       225
301641,51093915326 5600279,99406411       226
301514,90113092674 5600350,45311939       227
300971,63779312145 5600332,17154649       228
300866,80279005197 5600511,21063184       229
300807,79892090464 5600749,26975034       230
300641,8763852625 5600929,04414289       231
300647,0751455884 5601016,25533340       232
300801,32103145024 5601190,98050793       233
301009,00816273707 5601426,2417848       234
301160,18452807283 5601426,37454815       235
301232,40828489355 5601427,333757319       236
301241,3465356498 5601346,90664421       237
301255,5024128582 5601276,47269781       238
301277,0974177567 5601197,12547588       239
301313,6457832254 5601096,32617228       240
301359,1074607864 5601002,96592999       241
301406,0433223203 5600925,95802532       242
301457,7028649751 5600883,50530058       243
301571,3342223069 5600826,016610214       244
301664,64922642696 5600786,24165469       245
301737,9487973523 5600749,6784205       246
301799,80594464554 5600712,57433702       247
301835,9799640606 5600657,40930757       248
301860,63708387315 5600575,88462679       249
301881,20857182867 5600487,87665600       250
301890,30255462916 5600399,2028573       251