401303,171082229 5953808,18798439       1697
401134,6023331656 5953770,47632354       1698
401063,35800233064 5953761,13653136       1699
400851,1234251485 5953791,34800878       1700
400743,07652865606 5953760,93182405       1701
400569,4149580575 5953722,30837189       1702
400487,5404484382 5953715,40507677       1703
400457,93053005036 5953741,27700813       1704
400439,9286361525 5953849,38793580       1705
400426,3417683687 5953867,63890028       1706
400385,3441974246 5953891,25506475       1707
400217,62581448664 5953987,86755947       1708
400078,650946507 5954040,81081587       1709
400003,8294300638 5954097,41460808       1710
399950,7318628466 5954106,95119440       1711
399889,8569801554 5954108,39832585       1712
399868,90125314775 5954097,3945576       1713
399850,8666824598 5954073,23920874       1714
399825,3069667595 5954027,76265013       1715
399791,6055981894 5953992,7077354       1716
399792,75090824143 5953934,52926635       1717
399782,79768065515 5953902,58739639       1718
399744,38005790114 5953838,33911735       1719
399732,1988594704 5953785,18925533       1720
399728,68129474507 5953732,80964951       1721
399728,107257931 5953724,26213078       1722
399731,70474719576 5953634,03156623       1723
399704,005157652 5953604,73997793       1724
399659,25727491284 5953593,27698718       1725
399611,55248215946 5953597,62890650       1726
399574,425559873 5953602,18907378       1727
399551,35407911777 5953564,69774048       1728
399496,34051696624 5953537,15968702       1729
399401,29524619074 5953527,352226078       1730
399250,0911194725 5953548,18557156       1731
399114,80591369927 5953566,6868427       1732
399079,652540031 5953572,88629115       1733
399009,8779694005 5953629,8218656       1734
398972,3657698543 5953656,08022178       1735
398936,21285419055 5953681,65572806       1736
398947,8811116843 5953714,19554358       1737
398957,52227480157 5953762,00444194       1738
398959,6462682541 5953788,50123228       1739
398940,5103199176 5953819,87074648       1740
398871,12925290834 5953850,25143239       1741
398761,7687029795 5953895,71840213       1742
398676,3023027932 5953915,22068003       1743
398605,69224795094 5953895,29253177       1744
398545,1292930133 5953880,87324753       1745
398510,43878213305 5953896,06364824       1746
398464,7019780107 5953934,84632613       1747
398444,94173675205 5953997,94975728       1748
398438,35200753453 5954063,95768125       1749
398442,7042933152 5954111,66241202       1750
398462,87159615464 5954162,32376812       1751
398479,76985370065 5954244,66684236       1752
398498,58419022 5954364,08461860       1753
398505,5289880032 5954414,48570730       1754
398538,60634071793 5954481,27400519       1755
398631,1221233231 5954585,24590154       1756
398682,0658056347 5954719,54565665       1757
398716,6948723111 5954841,91959196       1758
398725,6596609409 5954924,10611411       1759
398750,0750372694 5955027,76046176       1760
398797,97829499975 5955147,74973237       1761
398812,311362703 5955218,03940328       1762
398824,51783432876 5955277,90050193       1763
398828,6099420943 5955338,82704978       1764
398881,1268326837 5955518,88965758       1765
398905,4368786178 5955602,24074573       1766
398925,0835636404 5955679,34607845       1767
398937,9141893868 5955739,1276499       1768
398944,4700912622 5955769,67350021       1769
398947,7818635775 5955870,26639963       1770
398979,6101684508 5956000,52047849       1771
398998,11219793453 5956135,80317646       1772
399027,66028379265 5956247,49386912       1773
399054,511828154 5956361,77692691       1774
399137,26460277237 5956498,859867644       1775
399158,6942475197 5956534,35889175       1776
399240,573760182 5956664,77044731       1777
399350,6498295243 5956840,0912863       1778
399389,03401767253 5956907,59719822       1779
399396,0711281736 5956919,97323509       1780
399439,7491056562 5956986,82277788       1781
399498,46975563286 5957058,32871074       1782
399602,4772703053 5957150,32013028       1783
399654,6891570123 5957185,73817780       1784
399714,83423388127 5957221,31242858       1785
399769,53432465834 5957264,71573359       1786
399871,88580424315 5957306,41121441       1787
399950,3855285097 5957350,28296421       1788
400037,07859587856 5957381,08870014       1789
400131,5728876258 5957388,31105701       1790
400159,049933078 5957397,85830873       1791
400294,57043629506 5957446,57666339       1792
400367,09810478805 5957470,00066009       1793
400399,8095515957 5957477,80734878       1794
400444,7213770987 5957488,52575078       1795
400505,5308893358 5957497,72134872       1796
400628,4640735597 5957500,14098160       1797
400817,3022999594 5957506,85753185       1798
400927,16374975664 5957513,01949199       1799
401191,7832945143 5957530,22690448       1800
401315,63696614443 5957536,66462649       1801
401378,64194723684 5957535,905387755       1802
401502,69232975546 5957532,3487321       1803
401621,532476886 5957523,38574307       1804
401719,3750862499 5957525,31230427       1805
401835,0060610975 5957521,71325046       1806
401875,55035299395 5957520,4513670       1807
401952,1857053484 5957524,60586182       1808
402023,27175371815 5957541,87830090       1809
402128,8390862067 5957554,53887412       1810
402237,31101741025 5957554,02974883       1811
402409,1962058724 5957557,41503591       1812
402541,36351691675 5957562,66359500       1813
402591,97141716484 5957545,14259630       1814
402651,55526083324 5957529,97766996       1815
402703,2960316296 5957534,10834026       1816
402776,97420443455 5957554,07746622       1817
402871,80740032933 5957574,46345216       1818
402945,8501471194 5957575,92203734       1819
403059,8190079836 5957564,94016405       1820
403314,1267165084 5957597,02142574       1821
403320,63983125467 5957597,50458998       1822
403545,6035435993 5957614,19223047       1823
403675,23005347775 5957614,100952174       1824
403828,4476170555 5957625,05643051       1825
403947,2360216051 5957637,97884843       1826
404224,63471297256 5957656,67270910       1827
404314,43911137595 5957663,73347196       1828
404378,2167142027 5957649,11813071       1829
404457,80849579273 5957637,45988271       1830
404582,09390041145 5957639,90963736       1831
404703,8913109924 5957634,37418475       1832
404838,64979997487 5957642,32143207       1833
405111,01965936995 5957647,69092933       1834
405232,50410757767 5957658,02220865       1835
405414,5481886192 5957682,77470222       1836
405504,66509090166 5957673,96996337       1837
405697,6513857551 5957680,42070438       1838
405887,9411001274 5957689,46398243       1839
406007,250153676 5957675,94456997       1840
406076,26425278897 5957664,07869458       1841
406144,80897523416 5957676,012039375       1842
406192,4074335415 5957676,95080223       1843
406295,74601125193 5957668,40746713       1844
406406,80900036206 5957670,59806085       1845
406515,4884390773 5957659,51479451       1846
406687,39362117555 5957649,840490757       1847
406759,1343557256 5957645,80323001       1848
407195,76575095946 5957638,54503867       1849
407261,97883519775 5957634,56065786       1850
407379,060775246 5957599,8355069       1851
407482,503547831 5957586,00427235       1852
407580,39678423124 5957585,29062078       1853
407787,491024459 5957547,05130821       1854
407973,53487160057 5957503,1060987       1855
408175,28824248776 5957467,40735263       1856
408403,7983030663 5957416,36484205       1857
408548,90580688306 5957386,59572496       1858
408568,47868051636 5957382,58036975       1859
408783,81938486884 5957328,63313627       1860
408887,5754060943 5957298,93698       1861
409223,3736733629 5957173,29826449       1862
409388,6808589007 5957107,7826641       1863
409492,9592470563 5957051,64362623       1864
409549,79609153076 5956986,63153315       1865
409571,363085866 5956912,395476378       1866
409587,51671045914 5956835,61479995       1867
409615,0551797257 5956763,06284636       1868
409651,10298970377 5956679,12250877       1869
409703,0170588163 5956595,4954111       1870
409742,8057666068 5956458,31607940       1871
409751,5748554027 5956413,92274592       1872
409748,43947123794 5956361,17694223       1873
409684,56447960826 5956190,38618352       1874
409667,5685783342 5956113,33404127       1875
409638,6372805122 5956104,82643293       1876
409625,049841759 5956123,07586813       1877
409618,82096486527 5956170,56997076       1878
409599,6314173261 5956204,58109374       1879
409556,694891247 5956235,47774249       1880
409495,7700724229 5956239,56527523       1881
409440,6040263583 5956219,95795926       1882
409385,64685501717 5956189,77325211       1883
409279,97672999365 5956182,39556045       1884
409198,10581739806 5956175,48803100       1885
409111,05056497426 5956163,18725013       1886
409020,8287724175 5956177,27799346       1887
408943,72439338814 5956196,91863836       1888
408867,03763910325 5956195,40439222       1889
408735,13250184315 5956176,92753947       1890
408644,4286643417 5956161,17605869       1891
408555,68081673223 5956154,8665955       1892
408433,7786651602 5956165,68690016       1893
408324,9417530085 5956184,70144001       1894
408237,05110253324 5956214,71122845       1895
408125,5697727401 5956233,67373574       1896
408024,6138821138 5956255,48956989       1897
407965,91565518716 5956280,78486254       1898
407822,75412344484 5956296,4769409       1899
407693,23198601615 5956291,27514886       1900
407592,9023820349 5956281,35878842       1901
407505,2726459787 5956298,14710608       1902
407422,87949987745 5956317,68429455       1903
407303,4129520828 5956339,13539274       1904
407236,93822824577 5956356,34146986       1905
407115,08815632755 5956364,51857037       1906
407019,9949225334 5956357,35133119       1907
406890,00297564093 5956375,94965709       1908
406813,1594932341 5956382,36979371       1909
406693,79726865154 5956398,53257562       1910
406619,8589664125 5956391,78309172       1911
406603,4710165386 5956417,91377868       1912
406230,7697670336 5956402,62512401       1913
406224,38555514754 5956458,05280267       1914
406028,38839331234 5956470,05924925       1915
405898,65715812414 5956475,43664658       1916
405805,99937821657 5956478,8999849       1917
405713,6546018522 5956466,49701376       1918
405629,71219365776 5956430,45112674       1919
405445,17877417494 5956397,71238277       1920
405397,26690204884 5956412,64001224       1921
405344,2227757609 5956419,530220713       1922
405278,32161518384 5956407,6490727       1923
405209,9325163299 5956387,78255532       1924
405125,4163627628 5956380,82516403       1925
405006,67942216294 5956365,25683083       1926
404919,7795420423 5956345,02554751       1927
404856,62687546934 5956327,90779811       1928
404779,8352135252 5956331,68462929       1929
404693,0915388221 5956303,52019428       1930
404601,15519322606 5956280,80435374       1931
404468,7917719962 5956248,09972142       1932
404445,7695139629 5956235,15421846       1933
404337,9747218818 5956201,28407393       1934
404264,50492500426 5956170,73610604       1935
404180,3532804668 5956145,2684792       1936
404101,59456918214 5956114,61620916       1937
404028,3402122186 5956091,10857776       1938
403914,8323055494 5956060,67180141       1939
403812,06535414356 5956040,12821146       1940
403725,26899252686 5956014,60865801       1941
403661,2239585597 5955995,240469919       1942
403577,286469211 5956006,40124758       1943
403458,34013501747 5956001,41170503       1944
403341,9861171758 5955999,11874514       1945
403278,36396958283 5956005,80129576       1946
403233,3047298442 5956010,20426926       1947
403209,5050823933 5956009,7352866       1948
403167,3508540261 5956000,96823117       1949
402987,5307795206 5955997,42497797       1950
402863,0349768091 5956005,55379843       1951
402761,9221222794 5956035,30693849       1952
402658,4253061488 5956051,78588644       1953
402433,5979536909 5956050,00218068       1954
402240,5034080815 5956048,843817309       1955
402044,8165706271 5956044,9892569       1956
402040,6215370142 5955989,35229919       1957
401842,29002888233 5955985,44590179       1958
401782,77039779694 5955918,13741396       1959
401691,04894901376 5955874,00378772       1960
401641,6381127662 5955830,70347071       1961
401629,24937024096 5955788,1322767       1962
401588,5529598334 5955705,32174414       1963
401567,91834886075 5955678,46080372       1964
401468,4716931138 5955623,593159337       1965
401407,0884140437 5955516,56605048       1966
401306,8718529998 5955366,4466301       1967
401261,1467729477 5955270,3094763       1968
401215,2654163833 5955182,1055543       1969
401179,4931350451 5955117,909912202       1970
401186,7089138455 5955020,16971370       1971
401286,9723987564 5954630,61438833       1972
401398,3355564653 5954214,82201795       1973
401441,7007692524 5954027,84671342       1974
401442,43002928863 5953990,82430277       1975
401435,43428585236 5953943,06771810       1976
401423,7746829513 5953863,47333716       1977
401387,57352028287 5953876,241372528       1978
401374,15498154116 5953830,75011349       1979
401353,36390156375 5953811,82211026       1980
401322,4655294089 5953809,58500127       1981
401303,171082229 5953808,18798439       1982