820458,5565310442 6022679,02846134       66930
820581,3002139755 6022644,6207097       66931
820608,3842576941 6022645,25023613       66932
820635,4289615883 6022647,57250988       66933
820650,8604589993 6022639,46291985       66934
820818,1267805147 6022511,24455946       66935
820882,2147289705 6022450,0682844       66936
820903,354082899 6022414,992546692       66937
820893,5910599912 6022397,82888835       66938
820868,6717926427 6022376,92551988       66939
820831,0366699509 6022320,15949150       66940
820806,0386848333 6022302,64174662       66941
820791,2366275783 6022283,66732345       66942
820774,8991878601 6022257,882467397       66943
820754,7433774711 6022250,63926278       66944
820711,085700941 6022234,38154218       66945
820619,4787987301 6022167,89291035       66946
820591,4493203466 6022135,06174620       66947
820564,7978719207 6022115,8120147       66948
820536,5323452994 6022093,13736308       66949
820506,495388567 6022073,80898407       66950
820477,9151626748 6022064,67643860       66951
820450,752339635 6022067,4325671       66952
820425,4396084438 6022063,45704922       66953
820308,9917859088 6021972,68030909       66954
820238,720329154 6021862,6525184       66955
820227,3822764751 6021840,3713045       66956
820218,0910139001 6021802,89469509       66957
820212,2637866107 6021762,11113590       66958
820203,0903706341 6021719,55616540       66959
820180,5715703189 6021668,22273796       66960
820149,234865014 6021631,92752960       66961
820112,6233709091 6021603,97821558       66962
820084,2395708864 6021586,38212764       66963
820049,0455496614 6021570,32151555       66964
820017,2370238306 6021554,33956388       66965
819983,460400928 6021550,16764134       66966
819963,5798534108 6021531,07536588       66967
819926,6143382867 6021518,36108936       66968
819894,9283784386 6021514,91969369       66969
819873,6320315688 6021514,84268906       66970
819847,0066685823 6021510,46569522       66971
819813,5926730725 6021498,7990670       66972
819796,2888784145 6021482,560646       66973
819781,4957436428 6021472,19448137       66974
819764,4411311175 6021469,29269647       66975
819746,5900302692 6021466,75675578       66976
819725,5670253822 6021423,92669572       66977
819710,9219340169 6021398,18146429       66978
819697,6943786218 6021384,32487554       66979
819675,9244603121 6021373,65721433       66980
819660,6895438698 6021373,30338810       66981
819656,6176439384 6021382,84894798       66982
819659,8015331049 6021389,60467077       66983
819663,5640548917 6021395,38791585       66984
819688,6801438392 6021407,82695018       66985
819693,0901298327 6021436,72177567       66986
819685,414797144 6021475,49795607       66987
819683,2502662563 6021495,77167862       66988
819724,0337086807 6021489,94428250       66989
819733,0894136433 6021537,57734357       66990
819758,4807871636 6021538,16710259       66991
819791,8247569909 6021560,95934520       66992
819829,8145436451 6021602,48986229       66993
819850,6801514027 6021652,09092361       66994
819839,658532169 6021689,09567432       66995
819805,0582997154 6021793,29943396       66996
819787,9340756489 6021801,36992465       66997
819747,898088913 6021811,87434029       66998
819901,0752613045 6021888,6815751       66999
819908,9884236726 6021912,57678113       67000
819908,3985471096 6021937,96810206       67001
819894,4632671501 6021954,58100970       67002
820076,379387005 6022143,41721329       67003
820160,5071582869 6022240,21720067       67004
820198,3391315202 6022288,51900302       67005
820210,9764480987 6022327,76699751       67006
820225,4244929457 6022361,97600637       67007
820229,5979767039 6022401,02731195       67008
820226,9611553422 6022441,61399824       67009
820221,7661521402 6022519,4018491       67010
820224,3648602581 6022553,33545836       67011
820242,1983793384 6022587,62321404       67012
820274,9124435649 6022637,49965555       67013
820311,4447957521 6022668,83460415       67014
820351,7166846099 6022685,0135345       67015
820383,7215045886 6022692,53208893       67016
820458,5565310442 6022679,02846134       67017