773324,0119901979 6035862,81645396       66695
773248,5428232364 6035828,03720626       66696
773184,9043581148 6035831,66259903       66697
773125,9398207471 6035853,19071887       66698
773094,8084333865 6035880,44129399       66699
773078,5146776896 6035925,82755286       66700
773060,9482245644 6035984,16701704       66701
773055,9157179685 6036024,455640729       66702
773054,7506101036 6036075,27310315       66703
773063,7489901606 6036126,32356908       66704
773114,8352013587 6036226,64095110       66705
773173,835199758 6036314,42885973       66706
773230,8768596872 6036376,749706401       66707
773268,8775824141 6036404,09994788       66708
773298,8551191769 6036425,67573948       66709
773368,643509862 6036466,3440416       66710
773487,42332809 6036497,032339497       66711
773586,1093664425 6036517,09119202       66712
773703,0478173173 6036517,23108504       66713
773766,8028213144 6036508,52455948       66714
773823,4597506886 6036476,77538297       66715
773854,7078973319 6036444,44328373       66716
773883,8232441803 6036394,26679746       66717
773895,560260861 6036325,89620219       66718
773893,7187326872 6036295,34727811       66719
773861,444919334 6036261,55821730       66720
773826,3388153221 6036240,415232561       66721
773784,9439734805 6036162,7892433       66722
773750,8347583844 6036096,31926045       66723
773734,2140671104 6036045,09365997       66724
773737,6290217635 6036007,0386681       66725
773713,0941558245 6035968,34269319       66726
773650,2711870971 6035936,3952841       66727
773534,0314342186 6035905,76536522       66728
773463,2362036505 6035888,88866030       66729
773394,6906718877 6035884,77471928       66730
773324,0119901979 6035862,81645396       66731