515046,4907056429 5283637,25610431       0
515086,634990921 5283628,08001392       1
515088,3417516094 5283593,15106054       2
515083,05867654656 5283558,08047595       3
515083,827592894 5283520,13566824       4
515103,62960554694 5283479,57968836       5
515130,5630688009 5283432,17553222       6
515140,197478198 5283400,40415202       7
515140,70332911937 5283375,44049668       8
515119,3828100774 5283343,0418758       9
515093,98718392826 5283314,55650538       10
515066,69565385033 5283281,03794155       11
515029,15563698753 5283260,2981164       12
514898,56884844473 5283246,66326088       13
514694,9940346213 5283285,49255520       14
514596,097601392 5283285,48603108       15
514571,95036909665 5283293,98719799       16
514549,23351953743 5283330,48810582       17
514529,7956463588 5283353,07010065       18
514490,3261298155 5283378,24293557       19
514450,2223761171 5283385,421694566       20
514256,38304582925 5283387,48616436       21
514180,6352710186 5283378,95791467       22
514126,9835933275 5283413,83267836       23
514111,93104493764 5283466,4722167       24
514097,3304485354 5283546,09279060       25
514088,35012616415 5283594,85966041       26
514089,94234549697 5283614,87110113       27
514099,7253859295 5283625,05901665       28
514123,5488299922 5283632,53469838       29
514160,697535348 5283623,29822244       30
514199,86357319687 5283613,10367218       31
514232,5727407227 5283625,75425357       32
514262,9609444662 5283654,34111247       33
514273,70206910296 5283666,54635558       34
514310,7360244046 5283712,25023490       35
514321,7267648247 5283761,42203649       36
514329,0269412767 5283795,5346488       37
514348,653826158 5283812,914824475       38
514397,2184226968 5283831,88054488       39
514482,54722798854 5283860,5820969       40
514652,6516825997 5283895,99667334       41
514711,64712322375 5283893,19654292       42
514761,83774633834 5283881,22728561       43
514801,0443042467 5283869,03539516       44
514842,4300877235 5283847,89701282       45
514877,8650282988 5283824,6400981       46
514909,5485909054 5283789,31963299       47
514933,2842094066 5283751,84018161       48
514959,69168465066 5283730,39823199       49
514991,415664126 5283693,08067367       50
515024,07746456546 5283658,77899921       51
515046,4907056429 5283637,25610431       52