358694,24227636016 5940148,22497500       889
358728,7856591339 5940128,401878511       890
358772,9086625903 5940142,92299506       891
358820,11409273307 5940174,58301303       892
358894,10437010665 5940234,09024473       893
358955,69807296025 5940228,45646008       894
358922,81465908233 5940162,91694113       895
358872,1947461405 5940131,19050012       896
358815,01135043707 5940085,67317687       897
358757,6288264862 5940050,39941533       898
358721,26438102947 5939988,20802168       899
358698,62432152574 5939922,86755043       900
358603,08443575405 5939917,594060061       901
358551,07009326713 5939957,5722036       902
358515,8627492853 5940011,540434509       903
358510,19096246874 5940127,56733573       904
358532,3664190575 5940216,80917655       905
358565,449220162 5940272,10511010       906
358612,72119402396 5940300,35051851       907
358711,0777327899 5940336,42081810       908
358745,8202337633 5940306,35427496       909
358756,92689357436 5940262,16491687       910
358713,4014464263 5940216,91335592       911
358694,24227636016 5940148,22497500       912
361200,29520883516 5946387,80644489       913
361346,25868830265 5946229,24133711       914
361387,26981274615 5946161,24402640       915
361494,14749066555 5946107,75701089       916
361688,5141757538 5946045,38732197       917
361826,97705283307 5946000,45256412       918
361862,0299357999 5945966,73686677       919
361857,7173073342 5945916,38006314       920
361805,6412275029 5945873,03230666       921
361745,3217029846 5945845,39991323       922
361712,32596418785 5945773,31762229       923
361636,90812452196 5945705,70243998       924
361558,27948546724 5945667,13017201       925
361483,8607538125 5945684,20491355       926
361412,08703704027 5945701,3311267       927
361348,65956336795 5945697,45191897       928
361176,4063538116 5945575,03493706       929
361116,49785048625 5945526,24294335       930
361052,6364078226 5945408,57905890       931
361009,4203001991 5945317,77609980       932
360971,5969645522 5945221,78595425       933
360946,68992972886 5945141,92262787       934
360958,9153883235 5945057,48930654       935
360973,940095447 5944965,17236704       936
360954,0659364486 5944898,63670445       937
360920,2469439119 5944868,87348978       938
360876,25938374305 5944817,74467340       939
360763,50247352803 5944765,27892915       940
360700,9485107815 5944716,435162201       941
360630,76820094173 5944651,56726469       942
360578,639849573 5944610,86408502       943
360555,7641064457 5944562,79775935       944
360575,45814251254 5944502,31688950       945
360655,32195125846 5944477,40971704       946
360756,1399254787 5944463,49398367       947
360812,5073954802 5944422,25421509       948
360845,73855152633 5944346,16672010       949
360883,7455539373 5944296,63204357       950
360969,72225551575 5944229,50820496       951
361010,37428186554 5944180,02499165       952
360990,75739315245 5944100,26387265       953
360899,6742873972 5944021,75905301       954
360755,58843120636 5943947,51558015       955
360626,24087999365 5943931,77054881       956
360472,62549061014 5943939,36769745       957
360332,1320780023 5943952,51214619       958
360205,79098149575 5943974,04116152       959
360164,88020111993 5943981,012599       960
359961,64941606595 5944090,83983331       961
359648,58574056055 5944269,97456603       962
359513,7655927645 5944399,65412676       963
359366,3096650009 5944634,92809451       964
359053,5769534203 5945205,67725342       965
358973,8185559589 5945323,28741373       966
358950,029711463 5945363,8275170       967
358889,0199858266 5945504,12251646       968
358882,0344169104 5945591,30421453       969
358860,231325247 5945760,2232532       970
358864,7753083533 5945934,94596674       971
358889,529641961 5946022,74394144       972
358955,7814842402 5946153,6834022       973
359039,64985083346 5946195,00194090       974
359128,84030019015 5946213,91058782       975
359245,1866741472 5946238,68405581       976
359342,8448678748 5946251,16508366       977
359469,9060014796 5946248,34154221       978
359617,7670647201 5946264,44398142       979
359757,6930494325 5946280,39238169       980
359839,01874635735 5946316,3699566       981
359903,2926686818 5946412,87323450       982
360005,1611589346 5946481,00133516       983
360155,2554087829 5946518,31514553       984
360249,3943824173 5946575,70943820       985
360470,3088221875 5946781,09413241       986
360574,66737380653 5946857,20849123       987
360666,4693859848 5946898,68160865       988
360784,4636180043 5946953,89335666       989
360905,1027162139 5947009,15663694       990
361028,74641062086 5947045,95678317       991
361115,7208188611 5947063,52274161       992
361248,53291259054 5947036,99888963       993
361349,965755841 5946991,34369056       994
361414,2666967877 5946950,25868215       995
361520,7837321934 5946915,2862334       996
361585,1876611423 5946868,91143745       997
361586,2160029136 5946816,01275822       998
361550,9864791201 5946722,72017155       999
361499,37316818244 5946655,56848797       1000
361384,1784796787 5946592,47257206       1001
361297,20403490134 5946574,90626594       1002
361204,63106028066 5946573,10678696       1003
361142,0264934442 5946526,90883098       1004
361124,43728166755 5946478,93996226       1005
361200,29520883516 5946387,80644489       1006
358694,24227636016 5940148,22497500       889