304447,9513218254 5606524,783841195       252
304424,15873442416 5606374,372016       253
304395,0114011633 5606296,88670066       254
304295,30274547613 5606138,85922675       255
304261,779028705 5606048,10577105       256
304233,34833210334 5605936,03850882       257
304205,4749991225 5605797,07431345       258
304185,2866131137 5605658,269446352       259
304184,46963318833 5605512,17773469       260
304175,7291453871 5605377,45403188       261
304135,6122751238 5605272,83282585       262
304101,82677065965 5605233,69198036       263
304011,7958858817 5605180,86421683       264
303824,5945614123 5605070,33980948       265
303688,09869697946 5604979,09720049       266
303590,26602822205 5604877,12356829       267
303530,4595112612 5604795,15841743       268
303502,9172968585 5604688,07735196       269
303485,868822717 5604548,07202296       270
303462,86208062153 5604374,69272443       271
303451,6343898749 5604274,70857395       272
303423,16865392175 5604204,29255908       273
303377,53363457357 5604160,12096948       274
303318,39737156616 5604125,64464463       275
303242,22966574907 5604110,76556027       276
303182,3356139157 5604112,8490061       277
303115,3808726261 5604134,73641249       278
303027,7954654009 5604189,44669558       279
302940,0032295409 5604254,12790559       280
302876,5097924085 5604269,43695929       281
302799,7908324972 5604281,14683169       282
302700,0130255935 5604282,40361718       283
302630,423485858 5604270,98586026       284
302554,60001343454 5604239,48847048       285
302446,366987286 5604167,41849503       286
302348,65609446383 5604068,96609832       287
302303,2276736846 5604014,82326127       288
302280,92689616315 5603967,81004940       289
302262,22546164715 5603907,57111461       290
302250,3778772677 5603837,4991611       291
302239,1505967932 5603737,51447939       292
302223,8417489257 5603674,02093893       293
302188,5909950839 5603610,11382654       294
302130,76405066263 5603512,4880575       295
302112,2004915284 5603445,60186848       296
302097,7187334195 5603342,2246365       297
302070,76943011495 5603198,68808112       298
302039,04930386617 5603124,87899242       299
301990,36647938925 5603067,34340838       300
301941,20121549047 5603033,07323685       301
301848,8974908676 5602994,58344179       302
301726,74999733653 5602952,14957508       303
301664,3591043979 5602914,28000740       304
301625,3025033943 5602873,56918492       305
301587,14206421335 5602789,65112313       306
301539,2863536937 5602692,23161054       307
301481,253067486 5602604,57630332       308
301429,8670428211 5602517,05871973       309
301405,1075731742 5602457,67083346       310
301389,6239883788 5602373,246032705       311
301372,6464118747 5602229,915988130       312
301351,76055461436 5602009,99855970       313
301350,8146861375 5602000,03866549       314
301286,31017077825 5602006,67530083       315
301181,44707429444 5602090,60218403       316
300948,308902628 5602276,99314577       317
300878,0526448564 5602333,6048126       318
300800,882883322 5602482,182530       319
300593,6021361662 5602586,28086231       320
300551,99760010466 5602607,17500194       321
300529,3172539279 5602618,78735269       322
300499,37685976224 5602634,11692374       323
300226,1023852675 5602583,39512472       324
300102,88848311896 5602634,90382354       325
300054,4159639168 5602654,92346273       326
300123,3697275504 5603819,74103228       327
300135,96264493826 5604033,25669360       328
299977,8031296422 5604273,26786307       329
299842,7044170016 5604318,52412788       330
299865,35809988005 5604433,130297719       331
300392,8371891699 5604778,46571621       332
300508,4010345576 5604893,76939617       333
300759,69610374706 5605144,49830922       334
300885,2398019356 5605163,65288553       335
300934,3525963202 5605171,146130796       336
300956,74229450984 5605346,81902833       337
301138,49757492833 5605272,49331611       338
301188,05859252263 5605296,54800572       339
301315,9330472035 5605358,2687782       340
301946,318722303 5605665,68376577       341
302053,5247092495 5605855,12778489       342
301999,19867044187 5605916,07569838       343
302003,5777898773 5605994,12053557       344
302221,40465558163 5606257,079684772       345
302173,4049978297 5606296,01750216       346
302198,74834963016 5606431,7617005       347
302293,2267213495 5606414,75328202       348
302330,75789786875 5606439,55944793       349
302819,6431517312 5606763,06016365       350
302908,550214858 5606820,96851039       351
303127,79485277284 5606966,67768990       352
303357,82185253175 5607316,85153160       353
303393,4218385457 5607579,89935789       354
303597,8092865702 5607959,57683673       355
303768,4143194397 5607940,08290418       356
303896,88391856593 5607924,72224246       357
304467,19437046576 5607652,19804089       358
304532,90638940624 5607621,52122297       359
304551,47339137865 5607612,48005214       360
304602,1706898876 5607587,79310863       361
304570,78056752274 5607461,43833596       362
304528,01391862833 5607299,101318018       363
304492,8526765707 5607140,76592913       364
304458,4078897168 5606947,84862562       365
304445,34636975976 5606836,09990692       366
304447,6546214641 5606724,66947823       367
304449,80373353086 5606620,92402395       368
304447,9513218254 5606524,783841195       369