813159,0922647528 6000009,80961675       59789
813141,5297779015 5999994,47661322       59790
813104,3384642048 6000000,78604275       59791
813070,8714351892 6000020,03145432       59792
813045,4061381328 6000039,46083328       59793
813017,9416189 6000050,73542183       59794
813002,7450163704 6000056,973819802       59795
812969,060653189 6000093,52215671       59796
812926,6260571961 6000131,79271618       59797
812914,1780131815 6000143,01924706       59798
812907,5965818765 6000151,15687001       59799
812872,690058652 6000194,31716355       59800
812835,5755571127 6000250,194300475       59801
812813,4509254969 6000303,430228448       59802
812824,7017001916 6000333,54695817       59803
812820,8940978742 6000369,28916571       59804
812827,2568126738 6000417,208417661       59805
812850,3073117561 6000453,56805639       59806
812882,3103626778 6000490,13365759       59807
812874,0263650197 6000525,77290030       59808
812865,2277063279 6000583,79379643       59809
812884,0701118639 6000658,21147576       59810
812898,4306874583 6000698,01787245       59811
812918,9428905407 6000714,91146094       59812
812935,3904154894 6000713,7967921       59813
812943,2970352822 6000694,57092059       59814
812938,081357907 6000659,45349717       59815
812941,6394761852 6000644,60521659       59816
812943,4580203891 6000600,28122962       59817
812946,1292172866 6000567,601407872       59818
812961,8213253159 6000456,41460582       59819
812965,1229353896 6000440,91361704       59820
812972,4463963867 6000427,07166235       59821
812991,1772049932 6000403,28005816       59822
813082,5468585255 6000287,22386155       59823
813116,5399757926 6000237,24666551       59824
813124,0736598549 6000221,63538484       59825
813132,215970591 6000204,76304912       59826
813145,1977154149 6000166,86739540       59827
813153,0202959124 6000144,03207215       59828
813163,1211703971 6000090,63868098       59829
813162,8138645778 6000042,7392116       59830
813159,0922647528 6000009,80961675       59831