772630,0121930204 6043478,76481195       65152
772653,5400296517 6043470,3308391       65153
772676,6968828219 6043478,04261136       65154
772697,217394979 6043465,48592523       65155
772701,5600028422 6043450,58489846       65156
772681,2329705101 6043436,86351621       65157
772658,2822092655 6043420,18179779       65158
772628,1966624651 6043401,54125654       65159
772595,8638509943 6043402,59325776       65160
772570,5411987333 6043407,57233575       65161
772557,4095722204 6043413,27094232       65162
772539,0957923415 6043421,72823691       65163
772512,9808146408 6043442,91217407       65164
772489,8982445716 6043443,66320124       65165
772465,5937365692 6043441,8234241       65166
772443,9389908568 6043436,20023094       65167
772426,0381423607 6043434,5075899       65168
772406,3831474779 6043446,7028750       65169
772393,4542763366 6043462,5601719       65170
772392,7123773363 6043494,851691646       65171
772408,1162721384 6043527,51425850       65172
772439,9132643053 6043549,78392175       65173
772471,7514678182 6043570,25955511       65174
772510,8478826222 6043587,31219038       65175
772530,4167997245 6043594,94149561       65176
772550,1917194503 6043593,60097623       65177
772553,5513233803 6043581,19112500       65178
772578,8326789854 6043518,87223741       65179
772595,4319314632 6043499,50939901       65180
772630,0121930204 6043478,76481195       65181