782859,5464176058 6011101,89394213       59986
782863,8112292681 6011089,26667140       59987
782869,9378698247 6011064,75239253       59988
782876,8413746958 6011041,05116965       59989
782874,2062162195 6011017,13218018       59990
782860,0979825966 6011008,06189743       59991
782849,2418868935 6010995,88464897       59992
782834,4294679392 6010982,82175731       59993
782810,4741900777 6010987,04666110       59994
782790,6204022798 6010985,798205594       59995
782771,0387018169 6010972,62645404       59996
782745,5118558 6010976,02016786       59997
782739,4758844826 6010996,56008623       59998
782738,1729005852 6011018,79849785       59999
782731,9918623797 6011045,6974084       60000
782721,8363628985 6011072,50548071       60001
782720,6059524749 6011091,56442630       60002
782728,4821894546 6011094,92543399       60003
782752,4011401483 6011092,29026394       60004
782769,1480374567 6011090,28669470       60005
782784,9367086296 6011095,41889253       60006
782790,0109438463 6011117,00765224       60007
782811,9045566905 6011133,41340095       60008
782841,8015320501 6011147,61589208       60009
782870,344492631 6011151,44873427       60010
782877,6435850449 6011145,25295814       60011
782877,084683924 6011134,90144770       60012
782861,295912643 6011129,76922888       60013
782855,2454105241 6011116,11103859       60014
782859,5464176058 6011101,89394213       60015