457461,7063563324 6060281,68797979       3020
457503,44841389277 6060130,60631111       3021
457546,62161893246 6059994,45119772       3022
457601,9993047492 6059819,80706883       3023
457643,92032465374 6059659,79210952       3024
457685,306029748 6059526,574968073       3025
457760,27711938083 6059382,50293943       3026
457758,431179528 6059295,69277676       3027
457759,026184362 6059265,91703359       3028
457841,3247889041 6059172,24111494       3029
457951,07647328207 6059046,34730543       3030
458024,32366446237 6058958,44795646       3031
458067,2001209434 6058899,7294315       3032
458076,3396607345 6058861,39478944       3033
458096,2003597306 6058790,09426953       3034
458131,4533636792 6058665,69012605       3035
458136,3147536185 6058646,13688616       3036
458164,5682197482 6058532,46297427       3037
458202,614470815 6058384,12769362       3038
458252,6369255318 6058265,97585948       3039
458285,6270438059 6058105,780330745       3040
458305,0402596961 6058028,71963047       3041
458337,7329647214 6057883,41177778       3042
458357,3843783691 6057794,44038501       3043
458418,9605738238 6057694,3918250       3044
458444,0130364315 6057608,17631599       3045
458445,15125367866 6057601,20686140       3046
458445,31094439037 6057593,2189569       3047
458444,45218567294 6057586,20957863       3048
458444,91129702004 6057563,24434813       3049
458445,07098810957 6057555,25644065       3050
458445,41033199383 6057538,28213518       3051
458442,29426405823 6057444,32435194       3052
458442,95299469813 6057411,37419079       3053
458444,57029395486 6057380,4409609       3054
458446,84673738515 6057366,50202056       3055
458455,4335126987 6057336,70700015       3056
458464,99882295507 6057307,9304250       3057
458471,2891979527 6057293,07283249       3058
458486,84546579514 6057264,416020391       3059
458504,37876378454 6057236,7976198       3060
458514,6431540407 6057223,01836206       3061
458533,09510851116 6057199,41388696       3062
458544,2781472994 6057189,64855855       3063
458554,4227702702 6057181,86025176       3064
458571,5368760838 6057175,21017931       3065
458603,6882554936 6057165,86408407       3066
458618,7654549051 6057161,17107659       3067
458631,8855986813 6057154,44115943       3068
458642,11008670897 6057142,65889081       3069
458651,296156822 6057132,85364289       3070
458657,5666075748 6057118,99453297       3071
458665,85400960426 6057104,17685741       3072
458676,4378640292 6057074,42171665       3073
458684,04621037695 6057043,60818249       3074
458694,9495113164 6056997,87713024       3075
458698,5838604244 6056965,98522282       3076
458699,48227143113 6056921,052985419       3077
458696,3864502267 6056826,09615045       3078
458707,4887152596 6056620,54566235       3079
458709,04600475397 6056542,66284093       3080
458711,66192681156 6056511,74932611       3081
458724,8216553981 6056403,13256472       3082
458736,36398216576 6056325,44923658       3083
458744,5714077752 6056264,68046869       3084
458773,1879548194 6056132,39890395       3085
458805,77879768074 6056051,14067310       3086
458825,5889691891 6056009,58292116       3087
458841,06569936004 6055984,91984756       3088
458890,2917705802 6055920,97555377       3089
458927,8154960852 6055892,75775515       3090
459012,1490874453 6055821,52433473       3091
459050,67138659925 6055793,32653098       3092
459086,11831062933 6055769,06284716       3093
459114,376009972 6055754,6444328       3094
459127,51634227496 6055746,91600504       3095
459157,6911806254 6055736,53156368       3096
459172,7286745201 6055733,83560983       3097
459203,82214064756 6055727,465174613       3098
459236,89264906367 6055722,13319748       3099
459346,06927039 6055707,33556266       3100
459378,08136347187 6055704,97917575       3101
459393,1987567997 6055698,289232925       3102
459424,2922404135 6055691,91886565       3103
459452,4900788445 6055680,49605891       3104
459463,6733785969 6055670,73071408       3105
459490,95261712227 6055655,29391980       3106
459501,197339984 6055642,51308559       3107
459523,5040354977 6055625,97792000       3108
459554,1982836175 6055589,63243032       3109
459582,8755655902 6055554,24549567       3110
459656,94541880727 6055446,84645900       3111
459686,6212870083 6055411,47948832       3112
459739,7023578271 6055354,60479974       3113
459838,5954203206 6055254,69471389       3114
459881,471797303 6055208,60385633       3115
459913,1048771552 6055175,27386211       3116
459942,7809157585 6055139,90689014       3117
459962,27207519964 6055114,32522727       3118
459977,7692018455 6055088,66364425       3119
460003,5511448041 6055048,22419120       3120
460045,8887237823 6054979,1475801       3121
460063,42287952255 6054951,528917       3122
460120,6583072073 6054886,74604270       3123
460199,0218483306 6054864,34031044       3124
460171,67301871604 6054777,28575230       3125
460038,9406319823 6054827,17388175       3126
460008,42678892973 6054754,641530056       3127
460002,77537007735 6054737,54690946       3128
459995,4665854109 6054703,43758102       3129
459980,50983737264 6054602,24790415       3130
459973,46078335994 6054555,15782366       3131
459969,66701794893 6054495,14694776       3132
459967,6305221768 6054447,15820169       3133
459966,23289793107 6054417,16272629       3134
459962,1993674245 6054369,13398249       3135
459958,4056003579 6054309,12299606       3136
459956,1093593864 6054274,11490582       3137
459943,8284274465 6054188,96105313       3138
459942,9897511915 6054180,95291590       3139
459943,2095358921 6054169,96919926       3140
459941,5521636734 6054152,95440124       3141
459939,91477165575 6054134,94108026       3142
459939,1759973743 6054121,94033775       3143
459938,497164489 6054105,94403248       3144
460032,9638959689 6054045,54508328       3145
460017,71205206105 6053954,42465953       3146
460035,0846409633 6053944,59359234       3147
460063,1108148036 6053902,46690595       3148
460073,48582212115 6053869,86092990       3149
460097,7827462916 6053839,96422701       3150
460135,38213908405 6053813,37205872       3151
460152,634475211 6053801,88467779       3152
460185,88305917516 6053779,74615539       3153
460207,98139815195 6053738,25999919       3154
460239,4705894465 6053682,98553008       3155
460283,6651366813 6053632,64239219       3156
460399,0657731866 6053571,52016192       3157
460514,0857866025 6053529,42004848       3158
460641,0257090818 6053525,61782287       3159
460780,7738247435 6053515,72898649       3160
460913,8003901613 6053524,73529942       3161
460976,5721876558 6053557,70798843       3162
460990,21092292934 6053655,45457107       3163
460998,7610646903 6053716,73169463       3164
461140,387137197 6053714,84765909       3165
461138,15651964524 6053677,45575676       3166
461136,2121096939 6053644,86250699       3167
461282,8635050306 6053654,32517642       3168
461286,9269128926 6053562,26969504       3169
461289,8788801577 6053548,41388743       3170
461308,34148292034 6053522,67858574       3171
461331,4355037808 6053510,0884750       3172
461348,1038448587 6053492,474964702       3173
461384,54118618177 6053383,88959758       3174
461385,0310716373 6053359,425916675       3175
461365,6886769226 6053347,61756198       3176
461320,4149820875 6053327,13221267       3177
461226,31173916074 6053300,77428434       3178
461149,9851949353 6053282,93030899       3179
461000,46338582446 6053253,83149980       3180
460920,77700523066 6053240,8150591       3181
460837,82870711293 6053227,73337432       3182
460758,2728682611 6053208,19346906       3183
460686,7478820428 6053200,61462582       3184
460589,63729256997 6053164,64257097       3185
460504,9417096659 6053145,93315760       3186
460448,0954435515 6053117,14753625       3187
460406,38584208535 6053075,90427696       3188
460392,6534382063 6053018,20701162       3189
460394,18529370386 6052941,67442020       3190
460431,90017471486 6052863,73918691       3191
460488,7908533583 6052784,0610231       3192
460597,0864873717 6052686,27088560       3193
460651,3408247986 6052632,06108796       3194
460707,8062160595 6052573,64209584       3195
460770,5642939297 6052519,60255122       3196
460841,44300332834 6052484,86650257       3197
460907,8997398199 6052458,54899642       3198
460937,38965167466 6052450,8885195       3199
460976,3121268414 6052440,7778212       3200
461076,52812420664 6052427,89705690       3201
461115,80154164345 6052431,22143073       3202
461142,3464151632 6052433,46842359       3203
461199,1501329339 6052464,38062052       3204
461227,9338461382 6052513,87263815       3205
461260,11797834083 6052605,96803637       3206
461256,0763360506 6052701,59150514       3207
461248,4215121643 6052765,24103990       3208
461273,591938428 6052782,75917420       3209
461291,4079730313 6052742,707428       3210
461303,44239160256 6052672,76530136       3211
461338,989600415 6052596,9135888       3212
461336,17412367434 6052573,9263811       3213
461329,85003483953 6052522,293790339       3214
461310,2085745988 6052441,08333409       3215
461273,0077414382 6052342,39572431       3216
461253,6629789818 6052291,07716696       3217
461146,4355984751 6052123,04171501       3218
461067,77895709337 6052015,12785596       3219
460957,10546630947 6051912,95330621       3220
460889,44075302524 6051904,52941713       3221
460754,9379872087 6051889,94283903       3222
460620,1970588975 6051887,24535968       3223
460557,10692518856 6051870,12417646       3224
460471,1115205798 6051808,93430412       3225
460365,6977545041 6051727,5330391       3226
460224,299744569 6051661,26968918       3227
460082,58427135524 6051610,858465699       3228
459916,6942360884 6051579,78646712       3229
459778,6242665433 6051545,3069148       3230
459711,760810054 6051532,544474388       3231
459592,9983325444 6051509,87584680       3232
459399,44616887614 6051474,2866052       3233
459197,17514031095 6051478,16897457       3234
459014,71895131696 6051482,448116       3235
458954,48131433834 6051520,888936195       3236
458877,58284670237 6051626,64812152       3237
458860,7166876538 6051649,84431143       3238
458823,2266974057 6051740,27951096       3239
458693,1614824979 6051900,225274445       3240
458571,18122183834 6052052,40348363       3241
458424,94798302505 6052227,88410678       3242
458249,46896511916 6052478,10611764       3243
458023,6610226962 6052667,85362632       3244
457837,00793109724 6052882,17131372       3245
457653,3680394956 6053144,12342934       3246
457438,18409712025 6053397,51573561       3247
457314,29749289923 6053572,99231507       3248
457250,5041658899 6053663,35123728       3249
457115,37235493143 6053878,69809795       3250
456813,56600389234 6054300,83191746       3251
456421,49161581544 6054875,77590457       3252
456064,5277742984 6055280,94903667       3253
455993,3605066241 6055469,82071586       3254
455888,8227860177 6055543,05739246       3255
455730,6317185257 6055722,26238977       3256
455197,33937927574 6056421,24562700       3257
454911,0838498036 6056859,54407742       3258
454687,5239471521 6057334,77202466       3259
454513,7333850883 6057699,98967325       3260
454486,4073760796 6057810,0194101       3261
454470,62684318214 6057873,56090282       3262
454504,7894804928 6057949,56505161       3263
454502,7337811601 6058052,59688001       3264
454442,74859527766 6058277,36712071       3265
454457,097398703 6058352,97563199       3266
454575,75213833834 6058565,45210131       3267
454628,22595494357 6058717,14303377       3268
454681,8418103325 6058804,100843850       3269
454930,2557706934 6059063,46954813       3270
455074,4938590543 6059259,79181893       3271
455202,9948085773 6059516,53356725       3272
455391,31096411915 6059759,94412991       3273
455463,0664781129 6059876,11865980       3274
455565,65841501544 6059975,47947176       3275
455630,85734786943 6060037,52361043       3276
455665,4333505793 6060070,42659008       3277
455734,13690015685 6060121,1806941       3278
455881,90965154854 6060212,72874394       3279
455942,365624966 6060240,07940189       3280
455988,9697367856 6060233,74766763       3281
455999,5094231417 6060215,07647088       3282
455993,17770297034 6060168,4723375       3283
456002,9888968305 6060160,53955675       3284
456021,22668881516 6060145,79344928       3285
456143,1555404678 6060222,30170689       3286
456252,2785923162 6060285,48243332       3287
456322,28858408297 6060343,52489885       3288
456397,0621954142 6060453,94986383       3289
456528,8946332014 6060616,34888639       3290
456690,6955697755 6060878,11070579       3291
456735,76268327364 6060948,72675919       3292
456842,7656922336 6061045,27080903       3293
456953,1691587976 6061262,43290387       3294
457184,2913604863 6061613,93101817       3295
457579,2536265856 6062065,21034139       3296
457942,98767848813 6062353,28988341       3297
458406,7794401841 6062782,80371754       3298
458538,64756668115 6062851,43037270       3299
458632,1735811803 6062874,16613962       3300
458720,5574115323 6062870,69417098       3301
458782,1036273941 6062823,551150924       3302
458803,4547370814 6062792,46989814       3303
458795,4693971376 6062756,0006196       3304
458706,75873246917 6062652,6864248       3305
458658,57369419135 6062614,76632769       3306
458625,205541998 6062585,13309071       3307
458599,6652280838 6062563,64701385       3308
458578,13861452765 6062541,24232354       3309
458557,61043044843 6062518,85758779       3310
458528,3956195424 6062481,31665643       3311
458493,4296135165 6062431,67470408       3312
458460,5402762121 6062378,07888343       3313
458388,071729015 6062255,77086565       3314
458352,477548999 6062198,67511412       3315
458346,4557074226 6062189,01562936       3316
458324,09014986135 6062158,60339645       3317
458307,6354229845 6062132,304655055       3318
458259,34945195756 6062049,43457681       3319
458243,9330436169 6062021,15887804       3320
458224,4031277464 6061998,79402756       3321
458213,63972173166 6061987,59164822       3322
458202,8763133144 6061976,38926852       3323
458191,07455121045 6061967,16382554       3324
458179,2727868668 6061957,93838286       3325
458153,672360643 6061939,44759287       3326
458141,4317952004 6061932,216564679       3327
458115,17194087594 6061916,70364034       3328
458072,65776662657 6061894,87833337       3329
457972,7923176349 6061843,93936008       3330
457945,1350743405 6061828,40403308       3331
457918,5161699988 6061810,891766936       3332
457892,87575274496 6061794,39790130       3333
457869,27212165773 6061775,94704401       3334
457857,4902527853 6061765,72316827       3335
457836,96175070206 6061743,33837099       3336
457815,4347914835 6061720,93362219       3337
457785,1811303041 6061685,36949820       3338
457756,964244016 6061647,84836897       3339
457729,7457865004 6061610,34718019       3340
457703,56565649755 6061570,86903186       3341
457690,944886081 6061552,63760270       3342
457678,3640083696 6061532,40927111       3343
457643,4201581666 6061473,827217692       3344
457594,52752666967 6061386,46796664       3345
457545,1657743977 6061300,01263228       3346
457516,26940214745 6061246,49620717       3347
457496,1396657283 6061204,1422729       3348
457470,2984473407 6061147,69028296       3349
457465,58543374925 6061133,61218820       3350
457451,2469174458 6061101,36243986       3351
457436,14929907577 6061057,11127431       3352
457649,9013954416 6061000,34221478       3353
457616,372286569 6060889,45979712       3354
457561,1048240232 6060673,88756175       3355
457500,17958999757 6060443,30833705       3356
457464,08899275085 6060311,52302145       3357
457461,7063563324 6060281,68797979       3358