729448,4382254276 6029111,56929058       58713
729481,0011112468 6029075,26396987       58714
729517,9604144706 6029078,74069228       58715
729552,5134132742 6029071,58111560       58716
729574,0238973359 6029056,191541593       58717
729601,4172475655 6029014,47894191       58718
729663,1853785742 6028973,53934646       58719
729706,4441869381 6028932,18348957       58720
729711,3141370014 6028921,49070788       58721
729723,1419016473 6028895,52130600       58722
729721,3549419146 6028887,62289032       58723
729715,9228552115 6028863,61247457       58724
729681,667069393 6028857,55101572       58725
729639,1218098608 6028867,176398938       58726
729614,7293768488 6028893,08333198       58727
729572,2437115044 6028900,06455952       58728
729566,6101319563 6028884,37321565       58729
729559,795655092 6028865,392580315       58730
729550,2295873038 6028820,20328013       58731
729569,749871993 6028775,66790953       58732
729564,8143745109 6028757,76309685       58733
729562,4118433313 6028749,047430444       58734
729522,5703137675 6028756,08827806       58735
729474,617825534 6028770,88327482       58736
729411,2163384086 6028766,81217778       58737
729361,3331753595 6028749,81724863       58738
729324,7898493225 6028727,83127150       58739
729320,5120875188 6028682,76091091       58740
729334,5059959871 6028648,68346796       58741
729364,3652316608 6028614,96271756       58742
729402,0975499542 6028584,06447658       58743
729413,9228177108 6028528,77384803       58744
729433,621355558 6028476,305714       58745
729432,1661839403 6028423,36194651       58746
729448,9826407158 6028381,41120880       58747
729454,806140455 6028357,73220483       58748
729471,9792961965 6028299,91605388       58749
729475,1446100328 6028264,463216335       58750
729479,051205033 6028220,70841699       58751
729460,8983155814 6028204,42689151       58752
729436,14922886 6028246,19937376       58753
729408,8153205455 6028285,26820532       58754
729373,370452131 6028332,091310332       58755
729315,9396466317 6028415,45786984       58756
729290,7744014603 6028475,73964774       58757
729276,6021800236 6028517,74987039       58758
729237,5620715393 6028606,8206997       58759
729236,3731066604 6028659,70476904       58760
729240,1158566936 6028728,57311056       58761
729251,9100725837 6028792,33123637       58762
729279,5099810328 6028859,09021491       58763
729307,823284398 6028894,11882787       58764
729333,5518588632 6028926,44383176       58765
729330,3725969353 6028950,18224065       58766
729308,6244500539 6028976,14851551       58767
729289,3421044673 6029010,10691699       58768
729275,1103602652 6029054,76105130       58769
729287,3205947296 6029100,00972676       58770
729288,8350662492 6029150,30887410       58771
729298,8173129385 6029176,988672676       58772
729333,3107673373 6029172,47322161       58773
729362,7536535225 6029157,26212846       58774
729413,112280926 6029153,103452451       58775
729448,4382254276 6029111,56929058       58776