728976,2717863582 6030108,89437464       58814
728946,7102563181 6030129,3935900       58815
728879,8925121585 6030159,63701411       58816
728867,2145948065 6030168,42845103       58817
728850,3310243698 6030180,13622472       58818
728857,7877934306 6030201,46791407       58819
728874,0627024921 6030208,22209949       58820
728904,9664916006 6030221,04744494       58821
728973,1200896984 6030249,03511337       58822
729020,4177121188 6030263,32636065       58823
729083,8181717913 6030267,39784719       58824
729157,8548349779 6030269,06303308       58825
729200,3399030769 6030262,08210441       58826
729217,9014441574 6030238,35433845       58827
729233,0809945464 6030217,84487842       58828
729233,9136094878 6030180,82654901       58829
729219,0000705922 6030138,16291252       58830
729174,3465840584 6030123,93105466       58831
729105,8955153509 6030109,16410405       58832
728976,2717863582 6030108,89437464       58814