729394,3804923241 6027750,54044629       58677
729368,0570492232 6027744,6575817       58678
729328,3341380807 6027746,41031459       58679
729290,4828606683 6027782,59736976       58680
729288,4516437711 6027791,13502220       58681
729281,7180795525 6027819,43830927       58682
729301,7425757641 6027870,1540849       58683
729284,0941015912 6027949,12425635       58684
729269,3870002492 6028014,93257844       58685
729247,519959444 6028046,18776203       58686
729236,0514358724 6028085,61333496       58687
729259,3145079239 6028109,94623201       58688
729287,8064887968 6028137,04229839       58689
729292,0844310155 6028182,11295467       58690
729283,319493495 6028218,95363939       58691
729258,7488280059 6028252,79347471       58692
729226,5426571621 6028273,23388091       58693
729196,6241252469 6028309,5989829       58694
729180,2902302919 6028342,6412490       58695
729177,2229638282 6028348,84611034       58696
729170,3891008496 6028417,47673702       58697
729182,1799811578 6028440,29922096       58698
729185,6004518049 6028446,91979515       58699
729219,0577252187 6028434,401508084       58700
729225,6203102098 6028431,94612829       58701
729370,6381708224 6028218,271113723       58702
729384,838322157 6028170,03713142       58703
729378,4827406049 6028104,68847971       58704
729384,4557031271 6027956,67135117       58705
729366,718923441 6027921,88033194       58706
729357,4496458002 6027863,46963136       58707
729363,6891483021 6027821,28087990       58708
729390,7852822609 6027792,78867357       58709
729394,5607448627 6027787,74656984       58710
729404,4225103765 6027774,57632912       58711
729394,3804923241 6027750,54044629       58712