729219,2318998964 6029067,3278220       58875
729203,7765371538 6029050,51161161       58876
729186,339452932 6029052,01012674       58877
729170,0347985834 6029065,64190552       58878
729130,2725607638 6029099,74381416       58879
729096,5290878507 6029132,98115358       58880
729066,7157346571 6029169,30649288       58881
729045,1221162546 6029195,81780598       58882
729029,1877138905 6029237,45458163       58883
729037,575402366 6029264,639981789       58884
729079,1990937716 6029296,39023588       58885
729102,1644672098 6029333,94393252       58886
729132,9433495235 6029376,96449862       58887
729127,7038855876 6029403,19475174       58888
729124,0000264497 6029421,73724795       58889
729141,6174821034 6029461,81626794       58890
729177,9180395626 6029471,76356331       58891
729183,6866009742 6029473,34430831       58892
729193,4917891156 6029444,56425217       58893
729200,6814272797 6029423,461552246       58894
729200,0766271176 6029399,36910808       58895
729199,2859222085 6029367,8741535       58896
729190,6712334468 6029280,37803132       58897
729195,5153787916 6029182,60241398       58898
729215,7488778658 6029106,33698636       58899
729219,2318998964 6029067,3278220       58900