728760,5403264501 6030643,72398323       58833
728771,7116582937 6030617,5203261       58834
728803,6792973573 6030607,657288060       58835
728848,9272910417 6030595,44748823       58836
728894,5320267464 6030567,37279860       58837
728913,5169061336 6030546,63585500       58838
728924,8666884964 6030512,49970483       58839
728922,9361070083 6030480,71030958       58840
728899,7928914085 6030451,08937886       58841
728860,4278415594 6030436,97656472       58842
728837,0703533486 6030433,98547661       58843
728810,3078174567 6030430,55836282       58844
728767,6444347161 6030445,471920582       58845
728725,2190333048 6030449,80872093       58846
728680,3873788193 6030443,50960844       58847
728663,9872185268 6030466,95017115       58848
728673,7313901386 6030504,206235521       58849
728664,728595671 6030551,62259541       58850
728642,8618236767 6030582,87663504       58851
728612,8246704331 6030624,5289112       58852
728557,3570148998 6030620,63606856       58853
728533,0245663718 6030643,89819170       58854
728534,9450128902 6030650,8651535       58855
728540,3623642641 6030670,51806779       58856
728558,455178329 6030689,44337192       58857
728587,3623791647 6030698,02990369       58858
728619,0327182849 6030701,38769432       58859
728642,3110327941 6030701,911213919       58860
728650,7624292428 6030702,10128352       58861
728685,1363558304 6030702,87435053       58862
728708,6958774456 6030713,98609932       58863
728729,3138412446 6030738,25923507       58864
728749,6344485763 6030775,75302244       58865
728762,0226104062 6030813,06839811       58866
728779,8179137106 6030845,21449378       58867
728798,6838017761 6030829,76594638       58868
728812,6776803248 6030795,68938556       58869
728813,9265758364 6030740,16226701       58870
728793,2491492652 6030718,53331455       58871
728783,5777685591 6030707,28875832       58872
728770,0465414729 6030691,55657588       58873
728760,5403264501 6030643,72398323       58874