729095,9808315223 6029608,93923151       58777
729059,2000738773 6029597,53002604       58778
729016,1202421346 6029630,9530291       58779
728985,9640467931 6029677,89421009       58780
728982,0711719431 6029733,36246282       58781
728978,9792370746 6029870,85955210       58782
728983,4473220216 6029880,81310651       58783
729004,1722757806 6029926,98179052       58784
729038,5465170428 6029927,75481231       58785
729059,4025704868 6029941,45139506       58786
729056,2232549037 6029965,18953634       58787
729031,5931545389 6030001,67271466       58788
729035,1043393667 6030011,05731521       58789
729041,5752330007 6030028,35229610       58790
729086,0504475754 6030050,51657394       58791
729136,1707258382 6030056,93481731       58792
729186,3504839821 6030060,70885358       58793
729218,112191767 6030051,71270723       58794
729214,1005462976 6030003,13179312       58795
729192,3168755203 6029980,34562759       58796
729185,6688134714 6029973,39165285       58797
729156,9397283229 6029956,87249958       58798
729144,0756504659 6029940,71015348       58799
729157,8911940166 6029914,56572591       58800
729171,7118150911 6029896,9764509       58801
729182,4023237223 6029883,37077892       58802
729180,7691072841 6029838,36036711       58803
729171,9034069002 6029807,57532857       58804
729168,4996552289 6029795,75621718       58805
729158,8743262093 6029753,21142163       58806
729135,7308580704 6029723,59030775       58807
729107,298993653 6029693,8502751       58808
729110,8945168456 6029651,60287247       58809
729101,5619818468 6029624,90521835       58810
729095,9808315223 6029608,93923151       58811
729105,8955153509 6030109,16410405       58812
729037,2065939505 6030104,97372613       58813
729095,9808315223 6029608,93923151       58777