467342,10742918454 5975636,29744406       2387
467364,60659058834 5975614,15269940       2388
467474,8270431885 5975680,48025714       2389
467567,3060269112 5975636,54710317       2390
467656,92396964075 5975592,55624770       2391
467935,918444351 5975383,506318754       2392
468020,1026032386 5975325,09470033       2393
468050,27238156804 5975291,98564382       2394
468143,0389616409 5975190,18176885       2395
468274,84738468286 5975041,13621537       2396
468296,1443325742 5974978,59460169       2397
468289,57956346404 5974878,28122106       2398
468127,18582273164 5974840,65989162       2399
468121,3037738792 5974806,36072177       2400
468114,37953513174 5974765,98150725       2401
468285,5875262051 5974792,33121832       2402
468263,67879214045 5974743,2301275       2403
468228,271708649 5974653,784479937       2404
468170,3789370181 5974543,84912426       2405
468123,2386825335 5974468,478473444       2406
468078,0945082472 5974436,082836702       2407
467883,04865624674 5974320,86942261       2408
467812,2013450104 5974279,02003015       2409
467759,95618783473 5974245,914341       2410
467580,5839311968 5974125,51059068       2411
467454,0101377022 5974058,13924245       2412
467303,0717434758 5973976,8011696       2413
467195,44248936337 5973920,24782486       2414
467075,5035852761 5973906,38171191       2415
466894,32694412477 5973948,52855365       2416
466756,5117863034 5973972,97959772       2417
466561,10437553166 5974007,64885449       2418
466378,9632086848 5974038,88576914       2419
466337,06793198327 5974046,07073098       2420
466302,3303297375 5974065,407369       2421
466293,22810250893 5974090,9851014       2422
466280,5730317793 5974150,839228190       2423
466289,712399585 5974265,51674827       2424
466289,7811150264 5974308,62847117       2425
466290,0469017208 5974475,30357577       2426
466290,1323501415 5974528,85971049       2427
466319,70333024126 5974623,91225293       2428
466337,94485186687 5974713,01174427       2429
466366,97638198594 5974976,9301229       2430
466378,86164536374 5975097,38686914       2431
466408,1442063116 5975206,744753309       2432
466477,28931998136 5975468,60778912       2433
466551,19738681376 5975636,11039358       2434
466587,0090399283 5975705,52700264       2435
466689,8163162964 5975859,30002455       2436
466731,926423755 5975900,22045617       2437
466867,35883494787 5975997,404725       2438
466976,36233157536 5976054,89236853       2439
467032,0363439332 5976063,6928834       2440
467081,2520619251 5976036,061545216       2441
467320,3040720306 5975820,48145303       2442
467393,2161648846 5975753,25556260       2443
467359,9202598008 5975701,0631534       2444
467320,7291695252 5975657,33892389       2445
467342,10742918454 5975636,29744406       2446