463923,2868884191 5979092,5795279       2447
463809,8792902849 5978800,24557768       2448
463749,35769817105 5978728,05764558       2449
463658,59938641905 5978668,25591670       2450
463602,73179889354 5978613,15449709       2451
463540,61959555955 5978470,96372321       2452
463460,6582349853 5978242,42583315       2453
463447,98669422 5978206,20942675       2454
463425,0508443841 5978169,09650107       2455
463407,3276643561 5978140,41838434       2456
463344,0987681657 5978061,47302357       2457
463289,3412323472 5977993,1047578       2458
463276,57879524195 5977931,8731806       2459
463280,8225754845 5977869,98409797       2460
463265,9871992633 5977762,72967149       2461
463255,94088982214 5977715,54687604       2462
463240,4564383675 5977690,24563910       2463
463163,1086849149 5977609,72206055       2464
463067,1523977594 5977559,81146326       2465
462909,5479047351 5977493,66700797       2466
462724,428193433 5977403,97865654       2467
462608,32701270544 5977361,65985516       2468
462515,272495926 5977339,48892437       2469
462457,11346479435 5977325,63213653       2470
462378,1373415366 5977326,04305287       2471
462287,6677958028 5977351,21271656       2472
462190,70082888065 5977401,2416077       2473
462153,1481685553 5977429,47465748       2474
462046,98231498845 5977539,29418498       2475
461997,66985106625 5977655,25482924       2476
461973,85949334234 5977745,73881819       2477
461970,0127985684 5977837,62374421       2478
461990,17606508563 5978027,95103293       2479
462053,0122006158 5978333,08886376       2480
462075,94096261176 5978407,96342029       2481
462094,28403491015 5978467,86311608       2482
462166,44462611846 5978657,23581608       2483
462205,76348205854 5978739,99220052       2484
462296,1153055467 5978869,75545995       2485
462351,9834276639 5978924,85625554       2486
462405,9084949555 5978957,8878226       2487
462525,7688864545 5979031,30772444       2488
462625,78138904274 5979078,30008405       2489
462667,5859912116 5979087,13744288       2490
462732,21215248684 5979078,74433517       2491
462840,6229000221 5979064,66492823       2492
462934,17037735175 5979052,51582874       2493
463057,8705202335 5978966,79529016       2494
463113,5968802419 5978928,17859005       2495
463191,55268885184 5978928,74708502       2496
463246,88345667574 5978960,84706293       2497
463293,4972173266 5979028,75655710       2498
463293,9738098783 5979054,75519946       2499
463274,4267158286 5979082,35020143       2500
463251,04372486036 5979101,8714115       2501
463185,01782386657 5979104,54159758       2502
463108,73890583956 5979120,000106       2503
463007,9371991287 5979161,95403532       2504
462932,83272303635 5979218,41897322       2505
462907,02943908086 5979258,88268706       2506
462896,1333863976 5979303,64452601       2507
462902,1228010632 5979353,7438445       2508
462914,56945468776 5979380,98275281       2509
462979,76561975665 5979469,25717293       2510
463154,04649704485 5979600,70824727       2511
463236,13352177985 5979644,341525       2512
463280,8348941135 5979658,235162266       2513
463422,3954192261 5979677,0759462       2514
463483,44526515907 5979673,30618884       2515
463645,5176367311 5979616,59222608       2516
463736,6691504312 5979557,45201592       2517
463876,1498518766 5979435,08070970       2518
463901,5100341666 5979412,8314254       2519
463942,4418707579 5979365,67535461       2520
463961,3316452846 5979321,07450417       2521
463962,51779554255 5979262,12335354       2522
463953,7071876336 5979224,0466164       2523
463923,2868884191 5979092,5795279       2524