488076,53702248156 6045035,84152761       64341
488140,52608890063 6045008,59345302       64342
488316,419299033 6044918,08365314       64343
488413,3950693472 6044902,99340597       64344
488444,8375019052 6044879,655555122       64345
488489,34260258224 6044852,58680353       64346
488597,858472245 6044821,82209085       64347
488749,29328854184 6044792,927523863       64348
488828,8503184793 6044761,57530951       64349
488891,8976058334 6044706,91112252       64350
488897,8984883227 6044608,13216667       64351
488892,9811765405 6044555,0854541       64352
488892,246074546 6044542,0835527       64353
488847,64872725797 6044475,24444976       64354
488849,73630386184 6044372,38984544       64355
488859,69394812937 6044268,29337619       64356
488816,8049140897 6044179,57267755       64357
488774,00208682806 6044126,5988882       64358
488730,9592034962 6044064,16205494       64359
488637,1470117931 6043978,47530647       64360
488585,3413633276 6043963,71211873       64361
488508,5306867606 6043964,89571655       64362
488437,09133136336 6043971,67310106       64363
488370,85623095674 6043992,26806743       64364
487925,730968358 6044284,73883766       64365
487764,9220580545 6044391,33044609       64366
487548,43635418714 6044518,57271649       64367
487492,999949939 6044547,61423249       64368
487368,6991099614 6044591,713228242       64369
487333,1390849265 6044621,36913647       64370
487169,662271069 6044669,94749514       64371
487100,797801584 6044685,00501693       64372
487035,50851007696 6044658,99976084       64373
486981,1284857513 6044635,95811067       64374
486940,00995412143 6044635,12429738       64375
486919,3927418139 6044669,22539280       64376
486829,91589076346 6044654,83075142       64377
486782,8702565536 6044675,81570536       64378
486685,92656062177 6044723,21262457       64379
486649,73470515024 6044749,90238644       64380
486591,0572382689 6044803,55991718       64381
486524,3784846113 6044846,08576026       64382
486447,01268660085 6044874,68325183       64383
486394,15125859604 6044912,0044897       64384
486376,92595790105 6044950,04827238       64385
486384,5383092267 6044980,36854504       64386
486408,8203263575 6045000,05729072       64387
486444,289580371 6045009,00338038       64388
486488,26033817127 6045004,410138763       64389
486540,5104144239 6044997,24243123       64390
486589,57456735865 6045011,94887541       64391
486657,4939153149 6045043,49186617       64392
486749,6394708078 6045097,46480225       64393
486855,5467546267 6045148,97460118       64394
486923,52141620667 6045177,7764072       64395
487021,3715747399 6045220,89585062       64396
487222,38726853963 6045315,46984818       64397
487308,6492957141 6045351,33277867       64398
487361,07742049865 6045373,12956400       64399
487448,90758824185 6045369,42620071       64400
487556,14858191693 6045355,14731308       64401
487580,98631072685 6045347,42412701       64402
487598,49578472384 6045336,05443       64403
487658,7968728037 6045296,89787416       64404
487694,7107491087 6045283,91472454       64405
487730,6802425203 6045268,19028168       64406
487785,8937878944 6045250,11389857       64407
487814,1801572494 6045240,1560451       64408
487823,25155384646 6045236,96257774       64409
487887,2172689377 6045184,02373372       64410
487980,893465618 6045100,4982929       64411
488076,53702248156 6045035,84152761       64412