470001,7126889627 6054146,14788850       59408
470001,49214700045 6054159,96180709       59409
470093,19084893574 6054244,02631373       59410
470115,38913915167 6054263,14136494       59411
470138,37883646577 6054282,93800627       59412
470233,9406134823 6054352,45826375       59413
470250,1006005656 6054365,68947377       59414
470292,2857723491 6054400,22919800       59415
470339,17604846385 6054429,73405465       59416
470381,97458939924 6054430,59481796       59417
470488,68399403826 6054447,01294840       59418
470560,0148052373 6054448,44766574       59419
470624,35606961505 6054442,60583459       59420
470657,54105146887 6054424,51842223       59421
470674,86154222174 6054415,07791219       59422
470765,10133357154 6054363,37335801       59423
470862,25899695285 6054322,511951487       59424
470894,3578701392 6054323,15768905       59425
470994,2211454918 6054325,16671720       59426
471190,59647864616 6054318,41362019       59427
471225,9748606916 6054333,3974715       59428
471272,86822876637 6054353,25815415       59429
471385,1775493646 6054400,82451983       59430
471516,6371347239 6054428,44575872       59431
471605,57896971575 6054451,09501069       59432
471623,1309411543 6054455,56473275       59433
471726,41701853514 6054464,77925088       59434
471822,8570811955 6054459,58428625       59435
471933,27613097354 6054468,9425732       59436
472014,7320817095 6054499,12629295       59437
472106,6724767253 6054540,22439960       59438
472156,101353422 6054566,19524161       59439
472204,59698215954 6054638,53093729       59440
472254,09758048254 6054660,93524915       59441
472310,5158544021 6054694,18281195       59442
472388,5486579172 6054717,16155710       59443
472445,32586449914 6054732,57645188       59444
472510,02598565316 6054708,90320006       59445
472560,38824644015 6054688,50930593       59446
472619,60070739384 6054696,39104001       59447
472793,1981592003 6054737,94467677       59448
472844,1135738585 6054729,4553330       59449
472977,64690547105 6054713,11512403       59450
473040,54102735466 6054739,75385670       59451
473150,2864485456 6054802,22308578       59452
473216,60618841345 6054816,24480760       59453
473295,67059179145 6054827,35173312       59454
473352,2879341267 6054850,69268458       59455
473462,2885469967 6054900,48113802       59456
473541,4805579742 6054905,24787730       59457
473664,9282581361 6054917,24909028       59458
473745,7767281289 6054917,29477746       59459
473854,4397910722 6054955,95346628       59460
474009,270378261 6054984,44499651       59461
474173,803071798 6055003,61759959       59462
474281,5270599218 6055008,9596994       59463
474357,4210151743 6055020,00353138       59464
474521,2507817819 6055074,04923597       59465
474694,3993392233 6055137,79760186       59466
474842,31371696724 6055194,69449195       59467
474905,5678844209 6055220,69977648       59468
474996,44054468145 6055258,05978857       59469
475068,7805609544 6055288,06159251       59470
475134,6521954943 6055324,27594867       59471
475226,1412074312 6055348,32085151       59472
475339,62991400936 6055382,32374335       59473
475440,30986716284 6055422,41160246       59474
475755,49669028184 6055517,60396808       59475
475827,9449399967 6055544,40154526       59476
476026,06986550963 6055627,68440329       59477
476152,17490041035 6055665,11410399       59478
476268,44943774893 6055718,203108489       59479
476432,40477288526 6055765,91098636       59480
476577,2108756973 6055819,57578556       59481
476837,139647839 6055983,393769192       59482
476968,6247425438 6056068,50500528       59483
476979,47816792276 6056076,91228234       59484
477113,95798146777 6056181,08350444       59485
477541,47504093393 6056750,42370456       59486
477607,31159286073 6056713,94245342       59487
477784,05395745527 6056629,95962058       59488
477837,66934879054 6056604,48325020       59489
477916,30421210045 6056567,37816371       59490
478083,1212737118 6056560,08738101       59491
478288,5700271457 6056551,1086396       59492
478268,6088947634 6056492,56206193       59493
478259,2682753643 6056431,58701106       59494
478260,921626138 6056349,69074222       59495
478262,14830816595 6056288,92904195       59496
478266,97002893477 6056213,42098219       59497
478285,75948189205 6056177,54626954       59498
478261,8699848864 6056104,12002713       59499
478185,4313303704 6055963,03166890       59500
478128,0439197544 6055845,05164534       59501
478072,8058870911 6055729,2394462       59502
478103,1296521406 6055641,04978488       59503
478113,28021704894 6055609,53981842       59504
478082,3461180639 6055570,8573769       59505
478095,92297568213 6055526,73049092       59506
477852,06773180957 6055195,14327528       59507
477718,947742189 6055033,88071242       59508
477604,9477507159 6055025,23680633       59509
477560,5630533649 6055049,84901850       59510
477534,5556479983 6055035,86445860       59511
477511,03016177483 6055024,72291701       59512
477519,64588301966 6054996,30248344       59513
477453,7366619203 6054974,61234523       59514
477371,5314405832 6054804,86294850       59515
477205,3004031755 6054712,7057993       59516
477151,6623301082 6054698,93738117       59517
477085,1514250603 6054694,42379764       59518
477002,4054784984 6054708,61179083       59519
476938,9368673408 6054710,50272373       59520
476860,6404005435 6054661,35013411       59521
476759,4486966871 6054646,62249945       59522
476541,15007447987 6054620,01799217       59523
476395,2551804064 6054620,24655259       59524
476312,82895543287 6054618,58396055       59525
476265,53124999086 6054604,94377663       59526
476214,634154808 6054609,73332679       59527
476218,80890306603 6054562,77160913       59528
476251,0227844591 6054538,04905742       59529
476307,89963365014 6054503,3090873       59530
476291,14639494993 6054483,33078715       59531
476287,1103994809 6054478,51786345       59532
476154,91926744906 6054428,27863491       59533
475956,4725210701 6054360,84570448       59534
475744,6413124056 6054328,03005952       59535
475674,95980238594 6054323,45343273       59536
475645,5964977896 6054364,09135458       59537
475575,3397038547 6054388,046971424       59538
475502,55179808906 6054380,23630191       59539
475430,33923680754 6054343,89350414       59540
475390,2764821753 6054285,99799199       59541
475315,40478285827 6054224,22924549       59542
475227,21297486493 6054193,90744835       59543
475088,6164626336 6054146,71182877       59544
474958,8276227192 6054134,58093965       59545
474810,5284279992 6054096,70470202       59546
474746,0048499511 6054071,17432294       59547
474650,059249069 6054033,21104715       59548
474567,887996998 6054018,86870262       59549
474498,2700592151 6054011,12259220       59550
474376,746758191 6054011,78932628       59551
474346,7724465712 6054025,97537791       59552
474064,0459920977 6054282,92546835       59553
473995,81398217654 6054341,1584940       59554
473965,1647315914 6054358,61303365       59555
473958,31161779986 6054353,44206275       59556
473942,1164516113 6054325,17461122       59557
473904,91428858857 6054322,56243419       59558
473853,228788578 6054299,16817027       59559
473832,1843374853 6054292,86322820       59560
473786,57245949854 6054279,19795788       59561
473701,22108296433 6054262,57650467       59562
473586,3404516025 6054232,321219414       59563
473371,4374578147 6054173,97283777       59564
473315,54028093274 6054174,70975655       59565
473218,8667300383 6054165,3117132       59566
473189,224925586 6054157,263752514       59567
473053,9629080885 6053936,59823291       59568
473037,5424344189 6053919,50279275       59569
473009,29720489314 6053907,82976085       59570
472681,0267273184 6053770,75451812       59571
472636,638751225 6053754,95875753       59572
472611,37494995096 6053727,00489329       59573
472597,21188536094 6053677,79195946       59574
472577,4796350943 6053640,139603252       59575
472547,9875750543 6053624,643777274       59576
472450,313679611 6053572,38281558       59577
472413,29860422126 6053560,46101458       59578
472363,6617900018 6053527,79483551       59579
472314,3248272429 6053480,23265399       59580
472192,1681789474 6053354,40778161       59581
472147,5492733412 6053339,68953549       59582
472088,7683012921 6053341,96133365       59583
472044,6208117836 6053349,38337209       59584
471932,764628095 6053368,18875783       59585
471776,8653810235 6053389,23602968       59586
471740,6371920606 6053386,77935352       59587
471720,8596997351 6053386,89345323       59588
471704,7349512421 6053362,6972607       59589
471690,8772026531 6053341,90295881       59590
471709,97182561975 6053325,35617287       59591
471702,51925281214 6053306,546865270       59592
471673,1743406109 6053219,58075631       59593
471627,1868801793 6053101,1845120       59594
471566,3356834739 6053038,63215735       59595
471507,9223233558 6052999,39756473       59596
471369,10949175025 6052962,77391918       59597
471306,171268506 6052938,24910183       59598
471239,3886326662 6052894,61746080       59599
471233,55837057624 6052869,1273757       59600
471242,8631041194 6052827,02673983       59601
471255,74380673136 6052776,45154099       59602
471225,3297749021 6052752,67008338       59603
471183,526685757 6052728,57056010       59604
471116,65890829463 6052689,16603880       59605
471072,8273452078 6052660,79687397       59606
471007,5626642319 6052646,79738251       59607
470942,2979622679 6052632,79792929       59608
470847,14597367746 6052632,99803098       59609
470826,4357502182 6052611,43729803       59610
470810,3352420931 6052570,93983816       59611
470809,1145877246 6052526,51285318       59612
470820,40520715655 6052490,79517470       59613
470821,2130934778 6052450,63782912       59614
470832,50372950383 6052414,92002669       59615
470831,0704834345 6052381,06076444       59616
470819,16458855703 6052366,11800084       59617
470782,0594961772 6052351,632049479       59618
470758,9527983713 6052358,15970372       59619
470722,34300068783 6052390,3878785       59620
470688,77208369534 6052434,34907328       59621
470668,29597165686 6052461,16246146       59622
470626,92918721226 6052515,33239976       59623
470553,7034373445 6052610,17969902       59624
470399,68823926745 6052803,72077963       59625
470362,5677608252 6052862,17724679       59626
470315,21966022055 6052903,512806       59627
470270,2828212659 6052930,09611208       59628
470214,9056886534 6052950,12629216       59629
470142,66284194484 6052967,70298967       59630
470061,9233456801 6052987,22318893       59631
470023,2420970021 6053018,16113131       59632
469920,9674514737 6053097,49221733       59633
469845,932590598 6053152,9219691       59634
469793,4387329398 6053195,37768337       59635
469778,85720926774 6053198,90306609       59636
469753,06914408616 6053205,13795228       59637
469704,41539507615 6053206,27400036       59638
469642,74040613574 6053224,06350732       59639
469632,7817065186 6053238,36981763       59640
469625,32217306166 6053249,08590557       59641
469583,79421132157 6053421,63061038       59642
469589,4973930737 6053453,46106990       59643
469597,4841022734 6053476,87988189       59644
469640,9757447672 6053522,156347888       59645
469686,41102542606 6053575,92942940       59646
469702,4693713991 6053618,53989276       59647
469703,98789711116 6053648,17174850       59648
469706,4727158561 6053734,91122226       59649
469718,04896204564 6053790,11773652       59650
469732,0362115664 6053830,57216556       59651
469752,53398354776 6053862,69986747       59652
469789,85494065844 6053899,39462826       59653
469841,970506285 6053936,38686620       59654
469885,58944642957 6053975,32266872       59655
469992,56720185385 6054137,4916096       59656
470001,7126889627 6054146,14788850       59657