378843,25074536144 5951629,008096484       1271
378916,5777700785 5951580,84353756       1272
378849,19294555875 5951494,65418333       1273
378837,5322299071 5951464,48077442       1274
378826,707583544 5951436,47068494       1275
378747,3169442742 5951456,57969334       1276
378573,5792650878 5951438,10943545       1277
378131,9659142623 5951389,16142770       1278
378042,33861009637 5951381,48603561       1279
377952,5067113294 5951452,27016391       1280
377846,72447593184 5951491,4003035       1281
377657,9790286393 5951672,91214167       1282
377571,9539079536 5951742,66555325       1283
377513,512279426 5951754,752435178       1284
377449,93632335693 5951758,80195630       1285
377399,63038635196 5951776,22754994       1286
377345,6567275038 5951814,970430016       1287
377299,45708657213 5951877,56496228       1288
377287,84522389894 5951930,25212231       1289
377270,27234160225 5952017,21703951       1290
377229,2073713858 5952087,84881838       1291
377182,28476820746 5952187,46893842       1292
377148,68900205777 5952282,05789230       1293
377063,0366078885 5952468,22941319       1294
377051,21838035743 5952531,49531449       1295
377070,8264207557 5952611,24891417       1296
377106,302505481 5952691,31244138       1297
377171,12833872193 5952758,72063604       1298
377324,943393034 5952875,48892216       1299
377468,28273068706 5952986,76129382       1300
377635,9920657497 5953069,40717416       1301
377787,93638877774 5953146,45372803       1302
377937,49415357405 5953210,22545008       1303
378014,03437702265 5953219,657516764       1304
378100,73997673526 5953250,45364301       1305
378255,63836557243 5953311,68414321       1306
378395,09565478493 5953395,477880374       1307
378483,2697082912 5953442,16526049       1308
378585,63617828244 5953483,84997900       1309
378708,591392718 5953555,03931347       1310
378810,6993008194 5953609,94744384       1311
378881,89805852005 5953621,9211997       1312
378941,79484165605 5953670,7132997       1313
378991,2679749963 5953711,36477925       1314
379016,0871059033 5953723,79748159       1315
379033,117305091 5953735,99330350       1316
379151,402754463 5953775,34361514       1317
379198,8512808854 5953784,20778959       1318
379274,92572303204 5953817,44204258       1319
379366,868013488 5953850,9864861       1320
379445,4835850375 5953889,56175741       1321
379540,0294229771 5953891,40934742       1322
379598,7692030365 5953897,84857112       1323
379663,79966861015 5953954,67797105       1324
379708,6034377051 5953963,49048269       1325
379879,5225073179 5954017,09812577       1326
379992,46633391455 5954058,99007678       1327
380076,2673849057 5954102,9582726       1328
380231,1631757418 5954164,1897802       1329
380331,0385279829 5954197,88964521       1330
380386,4206295386 5954206,90908142       1331
380602,9176984463 5954229,660591369       1332
380775,5418291755 5954195,99636705       1333
380908,13480712695 5954180,06917154       1334
381053,95075821877 5954164,40074796       1335
381368,86702917493 5954159,97578830       1336
381646,7583664676 5954154,82757523       1337
381869,00931322883 5954153,8828765       1338
382053,87342928577 5954170,72665438       1339
382147,1350223839 5954177,31290590       1340
382327,9020895324 5954187,19825275       1341
382524,31603417295 5954203,73318143       1342
382705,6137654227 5954191,41244480       1343
382906,1045572956 5954166,76224522       1344
382974,41032564256 5954149,97141279       1345
383001,8069841093 5954143,23686692       1346
383043,0886377116 5954142,45742205       1347
383166,9542760671 5954140,1187666       1348
383319,22113998473 5954146,27300228       1349
383474,6614314105 5954152,48950039       1350
383607,76285566157 5954164,618438235       1351
384062,0722244422 5954148,11232339       1352
384219,83546613937 5954150,33806381       1353
384642,8864936282 5954156,307358       1354
384998,3810631572 5954160,09272316       1355
385188,9154359021 5954157,47411614       1356
385696,67505080724 5954167,41771587       1357
385755,6386279746 5954180,65881238       1358
385851,554693375 5954202,19827197       1359
385940,1634201375 5954183,569800938       1360
385975,8803715404 5954176,06095239       1361
386169,21458638523 5954192,54683502       1362
386204,5622082207 5954199,54764713       1363
386311,52427868574 5954220,73211789       1364
386593,7780807761 5954235,785643890       1365
386707,5882534554 5954260,23834082       1366
386882,31635707786 5954254,13764353       1367
386989,649139537 5954251,25106817       1368
387018,90032157395 5954250,46435205       1369
387064,61601672665 5954258,55612582       1370
387180,25036026706 5954279,02360193       1371
387430,58187263104 5954302,97727639       1372
387547,9411171952 5954274,93011428       1373
387745,1415017398 5954293,90937705       1374
389273,7430969989 5954370,85659932       1375
389790,08226347284 5954428,60301505       1376
389951,7733728095 5954447,62925058       1377
390004,1779298506 5954442,46331552       1378
390193,3590768563 5954423,81462360       1379
390272,91487699066 5954403,00744041       1380
390486,9346783172 5954347,0324995       1381
390755,43410207215 5954253,88576047       1382
390871,22865185107 5954185,97433488       1383
390950,1374190372 5954038,65419479       1384
390975,7142777192 5953867,72381046       1385
390991,94805132505 5953676,70786068       1386
390980,4472251412 5953626,54133776       1387
390939,9396880187 5953587,65034047       1388
390919,6559950362 5953488,83718724       1389
390831,60866412765 5953445,83845436       1390
390660,98899977136 5953404,39411039       1391
390468,0302990051 5953368,86096389       1392
390344,63871263695 5953347,39180424       1393
390291,8104119795 5953289,21086719       1394
390213,90576042247 5953214,66447173       1395
390183,22947203217 5953160,09269824       1396
390142,59691448335 5953127,54859502       1397
390048,2643888175 5953081,25206088       1398
389937,8151823529 5953047,33814073       1399
389903,4673063581 5953018,09203846       1400
389876,85120430647 5952992,38669204       1401
389859,8479244142 5952975,9651584       1402
389762,03029120504 5952945,47381064       1403
389703,63270009006 5952924,91954636       1404
389602,48108490906 5952921,208632410       1405
389577,7517230685 5952874,55308627       1406
389549,98080365255 5952863,00935606       1407
389506,31556596135 5952846,15431324       1408
389439,7201277695 5952825,84976635       1409
389415,86884211673 5952818,38256374       1410
389399,91570010356 5952816,0698225       1411
389317,4944899 5952787,54242430       1412
389257,3226748478 5952780,01276269       1413
389194,28848213237 5952756,55344687       1414
389141,33471957035 5952759,29336880       1415
389105,306270669 5952761,15758533       1416
389003,941195151 5952749,64537691       1417
388920,41144125303 5952734,67157159       1418
388864,7430524409 5952724,69231267       1419
388817,4936611943 5952736,73489202       1420
388772,2137388674 5952748,27546214       1421
388759,2865073887 5952743,1363898       1422
388721,8111980343 5952728,238651182       1423
388700,5924122599 5952677,02703336       1424
388621,4416839568 5952665,95070285       1425
388506,884536984 5952679,57782531       1426
388437,5652821434 5952652,82080470       1427
388336,44878985535 5952628,61502449       1428
388206,39739982743 5952622,89016867       1429
388089,1020699389 5952614,240912463       1430
388019,9071654809 5952581,13703821       1431
387960,05239219597 5952557,73396745       1432
387919,53706050373 5952518,84925406       1433
387834,7232876598 5952472,74029344       1434
387759,20264009386 5952471,25971042       1435
387736,3443973369 5952470,81158225       1436
387669,7006507869 5952469,50507496       1437
387625,6914751268 5952452,51790454       1438
387600,380983115 5952442,74821791       1439
387523,159086191 5952495,20488474       1440
387429,3283113779 5952563,90090220       1441
387358,4599118248 5952636,40368867       1442
387288,13576383924 5952681,13827412       1443
387162,4714263509 5952743,12224701       1444
387060,25891123 5952787,73031998       1445
387039,2895115146 5952763,486704919       1446
387041,314816796 5952745,19228031       1447
387070,19350962417 5952717,42381483       1448
387108,45905094646 5952692,61719248       1449
387161,29463548405 5952661,42922578       1450
387232,3921105114 5952633,9326366       1451
387299,14456082915 5952601,35075152       1452
387369,5666347349 5952551,617911559       1453
387430,1228851246 5952495,02478581       1454
387476,67613340006 5952437,14846923       1455
387457,94910728507 5952387,38536624       1456
387414,0867574977 5952373,09088289       1457
387385,39369958104 5952363,73997011       1458
387287,8202343671 5952354,07798036       1459
387195,85033043905 5952349,10050526       1460
387092,24377537763 5952289,92440002       1461
386975,756432971 5952240,02006456       1462
386845,8906094983 5952224,77581113       1463
386731,3948581527 5952235,23081790       1464
386662,01252914127 5952211,647878244       1465
386595,7415978048 5952191,30057768       1466
386494,37518394704 5952179,78987115       1467
386374,1541276743 5952158,38552043       1468
386286,2901435515 5952105,86772609       1469
386223,3169420342 5952079,23566817       1470
386103,34430113435 5952045,13734984       1471
386049,7003682475 5952028,20199047       1472
385923,88274914166 5951968,60152279       1473
385816,4174633973 5951944,27268445       1474
385739,63650424074 5951974,51062859       1475
385609,5333961445 5951991,38992822       1476
385405,7490325068 5952001,10120082       1477
385302,5706923045 5951971,673108065       1478
385106,92028499034 5951965,8830261       1479
384953,7080634385 5951992,24667180       1480
384848,2277376241 5951980,39257088       1481
384777,5482650625 5951981,068235720       1482
384717,188519394 5951983,06086174       1483
384630,8595859636 5951983,96597307       1484
384513,77028724144 5951994,95096095       1485
384409,61591034103 5951985,50626750       1486
384239,1746446644 5951991,95689390       1487
384051,5749276217 5951997,42831799       1488
383898,368623208 5952000,94506568       1489
383771,1320994947 5952000,41164164       1490
383557,36502118164 5952001,21433330       1491
383395,13973844127 5952006,75452306       1492
383195,42113353836 5952008,71801206       1493
382956,52621780266 5952011,8727826       1494
382791,9229002313 5952019,5563901       1495
382588,360559398 5952018,371038469       1496
382419,83709836996 5952026,81912134       1497
382281,01177371584 5952018,22961121       1498
382200,66381885356 5952022,53044453       1499
382207,3374768312 5952200,33197575       1500
382003,2928783494 5952204,64587051       1501
382004,2953834924 5952250,1903860       1502
381998,63085738977 5952344,6465800       1503
381923,6810699321 5952371,44641421       1504
381767,1288298658 5952368,38375658       1505
381733,48338455555 5952344,26996673       1506
381705,3501626218 5952324,10684710       1507
381649,8632025437 5952258,41876289       1508
381601,6296620492 5952222,2374799       1509
381416,3289270368 5952229,79652493       1510
381339,327469404 5952221,02193415       1511
381306,7490784584 5952185,14682265       1512
381295,82704322424 5952151,23029799       1513
381245,8455878753 5951996,02035406       1514
381184,59763623873 5951824,50574635       1515
381145,1866394208 5951737,59763550       1516
381109,11531156045 5951680,11978276       1517
381082,06209484296 5951652,74816837       1518
381020,43675511074 5951609,86692904       1519
380968,83803293796 5951586,16375693       1520
380944,7676714343 5951575,10649586       1521
380862,80670849024 5951561,7574283       1522
380757,13295156567 5951559,69062379       1523
380601,8706100916 5951585,15140191       1524
380444,0690205973 5951651,45159348       1525
380258,8172909003 5951714,38979871       1526
380073,6421550581 5951773,41451862       1527
379829,988931101 5951819,55012014       1528
379708,43826931727 5951834,5302669       1529
379708,51902571355 5952094,67939991       1530
379699,96463649394 5952126,26025406       1531
379651,1065982904 5952195,86777308       1532
379452,71688735904 5952389,45732091       1533
379285,52743382927 5952552,60203708       1534
379235,62846344634 5952572,39580454       1535
378987,89552229526 5952529,64413953       1536
378884,3311028202 5952413,85605909       1537
378952,1017555533 5952330,51873471       1538
379003,88864415133 5952288,952648       1539
379056,4326734778 5952271,70703269       1540
379087,3330944184 5952179,71214339       1541
379132,15140493313 5952129,06393033       1542
379145,2246961463 5952061,3234302       1543
379150,25428612763 5952021,42406341       1544
379152,15253329324 5951975,46383027       1545
379156,9063724413 5951834,56482354       1546
379076,6191740114 5951808,95132390       1547
379034,666153939 5951789,6115842       1548
378961,39042972086 5951748,49403311       1549
378891,17290475615 5951686,27072472       1550
378843,25074536144 5951629,008096484       1551