814079,2193091016 6013171,277804       63381
814051,0291738553 6013160,059553659       63382
814033,0248613232 6013165,33338060       63383
814011,3902789346 6013151,82795586       63384
813957,2782379279 6013136,75934581       63385
813900,0104068783 6013117,55353179       63386
813867,645600251 6013111,11582946       63387
813845,4854098316 6013120,35787710       63388
813829,4490132201 6013145,99819011       63389
813814,0373938847 6013179,7812599       63390
813789,5390213497 6013219,85713181       63391
813760,866085738 6013264,71345162       63392
813724,8064826296 6013312,65044450       63393
813678,16679527 6013361,155749327       63394
813654,0064699411 6013386,60824693       63395
813633,0206138212 6013415,38536623       63396
813619,8584707569 6013457,34867232       63397
813612,439442436 6013497,00610518       63398
813617,2439333934 6013535,3203383       63399
813637,7656256568 6013561,80526827       63400
813672,1731540139 6013585,359708453       63401
813705,2187346901 6013597,50302160       63402
813750,5630464684 6013605,05364636       63403
813793,5639854097 6013608,48583826       63404
813836,585920345 6013602,813604305       63405
813883,284821132 6013595,11540488       63406
813899,8895844626 6013580,0552511       63407
813923,0686494578 6013561,89574361       63408
813960,0022894043 6013546,49257131       63409
813989,5867061692 6013532,54519615       63410
814013,5970674376 6013513,59206529       63411
814022,5283872475 6013478,8464135       63412
814029,7034981792 6013449,75011995       63413
814041,3161480704 6013404,49960768       63414
814060,4520989235 6013385,43368424       63415
814070,614017949 6013367,786111006       63416
814058,159947768 6013343,92591385       63417
814036,8633502766 6013315,797254221       63418
814023,352907494 6013302,47965915       63419
814036,8206960756 6013282,46989314       63420
814059,7745352153 6013274,05907277       63421
814073,9046288625 6013260,5673966       63422
814089,8284751342 6013239,80154892       63423
814095,3036873239 6013213,91718712       63424
814093,0481946114 6013196,29081823       63425
814091,8611678147 6013187,0139146       63426
814079,2193091016 6013171,277804       63427