742448,6280211157 6035834,171034384       64580
742487,5432525799 6035788,26495852       64581
742504,3414117405 6035735,17396222       64582
742487,3336211907 6035699,14116116       64583
742454,6875601485 6035664,98221626       64584
742442,1334532322 6035629,05027640       64585
742452,1502124969 6035580,26163591       64586
742479,8302901083 6035538,55687547       64587
742494,1494958025 6035496,54952943       64588
742484,124666143 6035447,30686886       64589
742469,6461781007 6035397,96344335       64590
742450,6635063246 6035350,74592344       64591
742413,3619341103 6035325,39348411       64592
742333,3973367712 6035314,67091006       64593
742309,2028167499 6035300,75184112       64594
742281,5161835728 6035244,42876372       64595
742237,3827053973 6035225,60565303       64596
742206,71115346 6035202,63143984       64597
742198,9129584681 6035153,43930063       64598
742184,2325764477 6035113,00317074       64599
742148,8551656443 6035101,06238746       64600
742111,9512041201 6035083,05217767       64601
742121,1161201153 6035046,962769113       64602
742090,5453166373 6035019,53486633       64603
742051,2687692633 6034982,997955685       64604
742015,7400919963 6034977,73774631       64605
741944,4811180618 6034976,12463874       64606
741890,8352763861 6034983,82220597       64607
741837,3407824222 6034984,83919868       64608
741804,1398228838 6034975,17574100       64609
741773,7200840479 6034941,06747890       64610
741738,4938667405 6034922,4462827       64611
741704,3856357221 6034952,86603955       64612
741657,0676551865 6034976,30277705       64613
741592,9933423642 6034952,57268207       64614
741544,2045602618 6034942,55661568       64615
741486,2060453936 6034945,69985207       64616
741439,5936485602 6034937,960999032       64617
741386,3007764585 6034930,07097999       64618
741373,7113407657 6034934,46974405       64619
741332,4031682942 6034948,90290979       64620
741293,7407347093 6034983,6755271       64621
741279,2709830326 6035032,363421218       64622
741287,4223647804 6035065,96755850       64623
741297,6494016339 6035106,30245521       64624
741314,304894656 6035157,92271290       64625
741333,0864129913 6035214,04696823       64626
741358,6995535942 6035263,64205319       64627
741389,1694830281 6035295,52321682       64628
741379,664784153 6035319,45315209       64629
741370,1956174008 6035346,33700952       64630
741415,0436746369 6035432,014827481       64631
741451,0256241362 6035417,23353954       64632
741499,0581500106 6035460,65214080       64633
741501,7434454132 6035476,72033206       64634
741506,9069104474 6035507,61713653       64635
741505,848354547 6035554,38038584       64636
741540,7718260395 6035586,36251158       64637
741579,9976487294 6035625,12582009       64638
741594,1738828975 6035687,82975359       64639
741619,7866893396 6035737,42474604       64640
741660,6847009012 6035800,73361627       64641
741697,986127659 6035826,0856832       64642
741780,1768000869 6035836,85837844       64643
741864,542962708 6035836,75983098       64644
741873,7537385499 6035836,7490998       64645
741918,21594313 6035824,66294138       64646
741934,2813265527 6035820,2959399       64647
741967,8349432244 6035814,37169839       64648
742027,7071055118 6035826,86723627       64649
742116,4272022735 6035844,471932501       64650
742184,9545650784 6035868,30343789       64651
742244,8267545793 6035880,79902651       64652
742275,4980139514 6035903,77334755       64653
742297,1369639424 6035913,17186420       64654
742342,3029146304 6035905,286225       64655
742355,1052429262 6035898,54849791       64656
742374,9253819776 6035888,11745184       64657
742403,1837422804 6035873,24542615       64658
742448,6280211157 6035834,171034384       64659