480594,48406648036 6059321,85271585       59303
480694,08772414114 6059215,714712840       59304
480759,59874134825 6059257,39290094       59305
481192,67477509717 6059219,12297504       59306
481251,258768439 6059207,75817485       59307
481384,97997604014 6059289,00034864       59308
481450,78911785595 6059282,32185119       59309
481500,458140578 6059228,86462489       59310
481468,2906658121 6059156,13289205       59311
481351,50692602136 6059047,82014962       59312
481339,99400815833 6059007,42446238       59313
481213,6590518798 6058637,30484423       59314
481314,9569293303 6058536,07728034       59315
481304,3802453666 6058496,28605190       59316
481288,8603731781 6058416,68779120       59317
481287,0454152908 6058406,74814833       59318
481285,3185666612 6058398,52244093       59319
481138,6580325531 6058393,049232027       59320
479915,28628948913 6058360,02190501       59321
479862,30038024153 6058376,11772457       59322
479837,7320890906 6058415,89284566       59323
479835,6139604465 6058436,0816753       59324
479805,5710928655 6058450,15265710       59325
479775,8268696871 6058425,56010510       59326
479771,6202115892 6058398,69922801       59327
479793,89107371826 6058347,1376946       59328
479806,205419242 6058315,54281148       59329
479790,6115110293 6058299,305840122       59330
479741,3311326503 6058289,89591455       59331
479693,38490885217 6058289,926186264       59332
479648,2121935136 6058301,00004422       59333
479621,90936564887 6058317,44943904       59334
479592,0084443564 6058345,81005570       59335
479548,18226459034 6058434,47768858       59336
479512,39861188596 6058505,11150059       59337
479466,9667441961 6058615,75306907       59338
479431,25481815083 6058700,30349643       59339
479427,9790035874 6058727,42517675       59340
479441,1786979853 6058760,0275694       59341
479485,5015325518 6058789,993927       59342
479548,63668833225 6058804,48336693       59343
479614,7337198687 6058803,17574309       59344
479637,4218495617 6058799,7005369       59345
479675,70742910675 6058793,83610009       59346
479744,28617223946 6058800,50716086       59347
479817,6877849546 6058811,84679205       59348
479877,77658154204 6058804,07099312       59349
479940,90109313105 6058794,358838594       59350
479968,9385035651 6058790,9298530       59351
479986,91068080976 6058791,29296315       59352
480001,86732192745 6058792,59401164       59353
480016,7836162046 6058795,89197076       59354
480031,6797360805 6058800,18838610       59355
480060,3726497012 6058813,75331920       59356
480085,98949838383 6058831,25155203       59357
480097,76920469484 6058841,47817619       59358
480145,96715663763 6058878,4110362       59359
480195,08282625186 6058919,35789022       59360
480219,6809960786 6058937,8344138       59361
480232,499479028 6058946,08431152       59362
480293,9193175675 6058971,29804994       59363
480351,2250007217 6059009,70562334       59364
480381,603309292 6059030,0658535       59365
480568,9469348775 6059305,44710792       59366
480585,5570178587 6059331,36540358       59367
480594,48406648036 6059321,85271585       59368