813772,8057141254 6014012,23510449       59887
813808,7545947805 6014006,31259386       59888
813828,1207594523 6014012,45003       59889
813839,0812253633 6014030,585753079       59890
813856,7474117381 6014039,9351777       59891
813875,3762006229 6014042,80431538       59892
813895,8739745184 6014035,14972453       59893
813910,8727438889 6014019,23974802       59894
813913,7042308504 6014002,23571355       59895
813927,9469525754 6013983,86979772       59896
813951,8445063196 6013969,79113168       59897
813971,916743092 6013930,31698418       59898
813979,2684345216 6013908,64966091       59899
813989,0686426775 6013871,48578382       59900
813986,5325403239 6013840,53941605       59901
813978,8591321858 6013820,85408254       59902
813963,8930238493 6013800,18727415       59903
813945,4518450103 6013789,19419096       59904
813921,1737528376 6013784,56886700       59905
813874,580214246 6013760,73264741       59906
813827,6487126233 6013751,51959783       59907
813782,7977446037 6013757,79861729       59908
813771,7859340899 6013777,05207714       59909
813755,1436553199 6013793,73705011       59910
813729,7528088782 6013802,09134802       59911
813697,219287598 6013802,9651128       59912
813632,7393587749 6013814,48034658       59913
813604,8737487333 6013824,40319858       59914
813570,5839817771 6013830,92622267       59915
813546,324734138 6013825,488599909       59916
813543,3567116328 6013813,22755682       59917
813539,6139535347 6013799,32287559       59918
813522,6849238542 6013793,241842302       59919
813497,4255549619 6013795,90949369       59920
813475,2092171657 6013807,58855146       59921
813470,0532173892 6013819,66194991       59922
813440,3750618331 6013837,67119963       59923
813415,7966896838 6013846,04440377       59924
813403,9913573833 6013864,46666208       59925
813405,0716926504 6013888,06367905       59926
813396,1780588771 6013921,1842871       59927
813392,0648430741 6013958,47932820       59928
813400,2314979574 6013991,99416429       59929
813443,6502878321 6014012,50542331       59930
813488,5198013429 6014005,41411986       59931
813520,996886736 6014006,97750012       59932
813547,4117007414 6014024,65739724       59933
813573,1455579137 6014036,63175798       59934
813622,6829777968 6014038,5894649       59935
813669,7457149248 6014042,11573088       59936
813705,6038023252 6014038,06749949       59937
813731,1073705268 6014024,8387695       59938
813772,8057141254 6014012,23510449       59939
