814006,6183121571 6013595,42232291       59868
813981,9238116606 6013594,45924868       59869
813958,5078904044 6013606,08027988       59870
813928,6276980956 6013625,79079393       59871
813894,0537384325 6013643,88525954       59872
813882,1056944916 6013665,00112481       59873
813884,6130450477 6013688,74323005       59874
813903,0852019408 6013715,91015697       59875
813923,3140327815 6013733,18573454       59876
813946,0100840912 6013742,87835260       59877
813976,4302902474 6013748,92945645       59878
814002,4983465024 6013744,947920158       59879
814019,0103733379 6013724,70144204       59880
814021,2082828442 6013695,72013520       59881
814020,6174619056 6013668,71897794       59882
814022,2452106951 6013643,14427250       59883
814026,7572168881 6013623,74303984       59884
814024,3839845976 6013607,60276826       59885
814006,6183121571 6013595,42232291       59886