480924,8572676803 6045599,0694750       64151
480902,6034764339 6045392,45229942       64152
481159,741182477 6045355,36121005       64153
481209,6218508416 6045260,44743815       64154
481280,6953367136 6045125,20782674       64155
481299,9915576176 6045085,95036588       64156
481263,69986669545 6044915,67293651       64157
481205,926230264 6044639,99290503       64158
481153,94433008874 6044334,97431914       64159
481099,05293419457 6044043,11196082       64160
481047,07061587245 6043738,09166174       64161
481006,9373593397 6043523,91854720       64162
480998,43754536763 6043478,55913629       64163
480989,6968799671 6043438,24783242       64164
480980,3571334854 6043377,26484607       64165
480962,7557969793 6043333,08637467       64166
480886,98440791154 6043142,90471179       64167
480816,7190051157 6042966,54307222       64168
480724,2466275362 6042734,44394135       64169
480637,9415122485 6042517,82459388       64170
480543,66620580136 6042281,20094469       64171
480469,6956792592 6042095,54135448       64172
480368,9228794637 6041850,32427177       64173
480329,4888088898 6041803,487921338       64174
479812,29105214746 6041588,39914371       64175
479745,2043973741 6041592,47595194       64176
479738,95150805346 6041543,45460053       64177
479739,49932256463 6041522,50384021       64178
479884,351769568 6041517,41863569       64179
480029,34949559683 6041511,294878961       64180
480137,39459169086 6041451,90743507       64181
480255,5886595471 6041338,3973548       64182
480330,2284590199 6041229,43969552       64183
480373,61953448114 6041143,39222516       64184
480395,6176608454 6041040,61385743       64185
480395,6373304748 6040950,06749471       64186
480390,5498563451 6040904,17088204       64187
480282,7855051473 6040881,144647771       64188
480148,8214024937 6040861,50340068       64189
479845,5991286336 6040399,19478703       64190
479867,17382989585 6040346,22317977       64191
480780,62956727884 6039341,66876262       64192
480718,1704880289 6039268,47413694       64193
480684,8022761295 6039238,8269260       64194
480597,5273080091 6039286,14051708       64195
480544,5114112664 6039293,52719290       64196
480504,3065922084 6039294,828858091       64197
480474,4997413924 6039304,799533009       64198
480459,0620856118 6039336,2072335       64199
480458,33552841475 6039372,14174480       64200
480451,053909938 6039418,51704375       64201
480418,66316230025 6039451,69663390       64202
480162,14190563775 6039740,77130241       64203
480045,02155437844 6039875,76522994       64204
479752,1811579706 6040203,03410881       64205
479677,3332020225 6040006,62994997       64206
479614,49999940494 6039841,75330422       64207
479550,24854376767 6039673,15529152       64208
479479,64187796746 6039487,88146341       64209
479347,1332071244 6039532,48116760       64210
479300,7733666204 6039378,40169032       64211
479232,04893273115 6039247,4899374       64212
479217,1031487164 6039202,25129664       64213
479119,4739162098 6039062,82532296       64214
479001,0802000628 6038904,476304471       64215
478958,8151675937 6038874,25202437       64216
478746,2492894321 6038695,79056891       64217
478616,111060908 6038595,35766523       64218
478508,6322456235 6038550,89292366       64219
478411,34863639256 6038525,13766979       64220
478090,43274425634 6038447,2851570       64221
477875,1004944797 6038376,85258896       64222
477659,5012575267 6038319,63167650       64223
477470,4311492747 6038257,6600873       64224
477275,9161797123 6038203,50900962       64225
477036,5356214731 6038145,80910064       64226
476681,26765535434 6038067,26708676       64227
476557,6669677305 6038035,69544126       64228
476309,71882102423 6038009,54450072       64229
476201,59837386676 6037996,78911287       64230
476067,1083293599 6037980,85840657       64231
475977,4636683219 6037974,6705533       64232
475958,88117795304 6037973,38785445       64233
475805,4153029905 6037980,86491089       64234
475699,24397459545 6038002,513067245       64235
475606,1776087042 6038029,71255415       64236
475523,5737693631 6038062,40982671       64237
475430,1875858963 6038105,46303664       64238
475341,6064726025 6038172,40352448       64239
475145,0423837862 6038350,83036284       64240
475021,36596670566 6038454,07002811       64241
474903,1341186282 6038549,48961666       64242
474792,4030109278 6038666,20719296       64243
474727,283450674 6038749,48105266       64244
474702,8102979046 6038783,3510255       64245
474592,6756998918 6039132,69451732       64246
474567,1372347067 6039219,4096407       64247
474531,24284692283 6039295,34252028       64248
474495,82799212425 6039347,49500362       64249
474385,5776440876 6039440,431980683       64250
474289,17799128 6039501,92838374       64251
473991,5735949535 6039710,03815985       64252
473910,9745932184 6039774,4965647       64253
473856,6917438903 6039844,77199516       64254
473775,5071081676 6039938,295091392       64255
473647,3277201484 6040133,96023399       64256
473598,4893871447 6040196,41539198       64257
473545,5179283631 6040332,79989260       64258
473517,71110732877 6040400,96546595       64259
473456,4936178503 6040553,04345986       64260
473428,15446260443 6040647,63120682       64261
473394,10503512895 6040763,25017650       64262
473365,12708218565 6040889,54435114       64263
473344,76800091483 6040981,64938292       64264
473321,90659058554 6041197,93831729       64265
473312,30969061924 6041411,85095840       64266
473301,29512758384 6041564,93914158       64267
473287,42539185064 6041728,542711480       64268
473289,54887641605 6042016,7018264       64269
473298,50072247384 6042228,34324195       64270
473307,0464400589 6042328,95930601       64271
473325,8946307564 6042442,99904578       64272
473348,18351734773 6042517,45928567       64273
473371,05811239564 6042562,85553787       64274
473504,6179087638 6042755,86069769       64275
473564,21654427453 6042815,213150077       64276
473660,32624315144 6042899,09052204       64277
473725,58180305356 6042940,05425660       64278
473814,3505221487 6042994,70800051       64279
473979,7951725394 6043048,26409137       64280
474088,2304749406 6043045,16320346       64281
474286,28632036305 6043054,44198679       64282
474479,3773534549 6043047,76155423       64283
474690,75047476083 6043052,02307881       64284
474775,08657398395 6043064,29650470       64285
474806,686017436 6043070,22014425       64286
474880,18710701645 6043095,49127219       64287
475079,8191783769 6043157,66805282       64288
475219,05443571194 6043200,12435982       64289
475506,2193834463 6043116,04608928       64290
475593,5705720172 6043109,8782979       64291
475667,01811012055 6043137,792171       64292
475803,5575829611 6043182,83816815       64293
475892,4315040112 6043232,20921325       64294
476054,96586045047 6043298,92572628       64295
476196,0962428833 6043378,42673016       64296
476256,01278459514 6043421,92735242       64297
476326,07132735697 6043486,77831879       64298
476357,0840890596 6043521,76599419       64299
476374,5128972715 6043574,98215877       64300
476412,6522343191 6043649,7619541       64301
476456,0759298248 6043724,64823808       64302
476510,12138739205 6043797,10574132       64303
476591,06803384423 6043846,31708579       64304
476651,4106975271 6043868,68051252       64305
476698,27603503247 6043903,98806171       64306
476724,7028784539 6044166,19918792       64307
476750,00446391193 6044222,21712059       64308
476778,21482067264 6044265,07770179       64309
476822,6510435262 6044289,76337999       64310
476862,1230098251 6044298,48959256       64311
477114,2206444764 6044380,23058330       64312
477169,7052543455 6044381,35052074       64313
477294,0450961775 6044375,93079602       64314
477614,27557282796 6044355,963466560       64315
477677,73987360403 6044354,60161479       64316
477627,9163096783 6044596,769894836       64317
477746,3848296249 6044620,3072912       64318
477912,3580415898 6044647,44726616       64319
478036,2708314988 6044663,16534101       64320
478207,3147001014 6044700,98087306       64321
478223,8609960723 6044666,95352100       64322
478524,31409947004 6044710,02609201       64323
478550,6827797265 6044713,20203349       64324
478533,6027442036 6044773,650350437       64325
478640,3815968796 6044852,45964637       64326
478745,60942367656 6044929,69720157       64327
478877,3977794985 6045026,41111560       64328
479114,46643511666 6045197,7208224       64329
479341,07264209323 6045363,53289069       64330
479356,31697945297 6045416,35185769       64331
479697,80885843164 6045368,098254628       64332
479701,59807059704 6045442,18368524       64333
479717,7968487425 6045556,16730501       64334
480003,8367554602 6045527,58696823       64335
480298,1767832807 6045480,67307275       64336
480597,8547550248 6045431,22458049       64337
480628,03548872244 6045638,00199495       64338
480779,1685830947 6045614,62592805       64339
480924,8572676803 6045599,0694750       64340