814190,8588181318 6003605,94188274       59832
814213,1657474693 6003582,70461641       59833
814238,472218955 6003601,10064152       59834
814271,600403019 6003623,63538755       59835
814301,6834231657 6003606,51502349       59836
814298,6382516606 6003566,85988549       59837
814276,6183912186 6003534,17051173       59838
814269,2002503773 6003523,15790519       59839
814202,663272571 6003523,0854179       59840
814165,3508953068 6003510,35062583       59841
814144,5929878445 6003466,32923558       59842
814139,8883145661 6003412,78125153       59843
814151,0592437666 6003308,28328117       59844
814187,3263569286 6003243,65826157       59845
814219,751996338 6003210,75766815       59846
814221,1587090186 6003175,8000022       59847
814237,7184740736 6003118,146569665       59848
814230,4889701724 6003088,29127346       59849
814243,3603428478 6003045,04412076       59850
814232,2198784356 6003013,11951394       59851
814212,6655841285 6003002,772949005       59852
814181,1509264265 6002996,10958507       59853
814164,7331482267 6003021,46181059       59854
814133,7846925526 6003076,1683640       59855
814112,9095010953 6003123,18965932       59856
814091,852110052 6003178,12378156       59857
814073,000655699 6003223,21247291       59858
814031,1852088303 6003234,12514844       59859
814024,4762959818 6003267,61788007       59860
814038,5708485936 6003343,15376479       59861
814064,0791125798 6003438,7448925       59862
814091,6565609039 6003530,42517983       59863
814128,3503300459 6003655,96263281       59864
814149,9282009093 6003664,37650378       59865
814177,8963105938 6003653,14513304       59866
814190,8588181318 6003605,94188274       59867