811299,4547733204 6017001,55509313       59940
811269,0882657152 6016886,78571992       59941
811263,388437506 6016873,64627325       59942
811254,665317872 6016861,437534925       59943
811171,3855802368 6016878,26842796       59944
811144,6600734578 6016775,3958653       59945
811199,6583341279 6016733,71074997       59946
811182,6598727037 6016686,67073407       59947
811156,4875892974 6016638,01835638       59948
811139,6051288429 6016585,71409865       59949
811135,0832501431 6016543,13440358       59950
811109,2308600708 6016538,60398854       59951
811101,8913022133 6016481,8007714       59952
811094,2379338138 6016404,53933778       59953
811098,9317276966 6016371,61148355       59954
811017,6751192713 6016372,69605293       59955
810982,4895024351 6016372,85352826       59956
810987,084267642 6016412,28853542       59957
810984,6035978734 6016451,56012361       59958
810962,5779772946 6016485,66042624       59959
810930,7864608448 6016499,87068970       59960
810945,0562447532 6016563,12658563       59961
810953,1456344236 6016621,52014360       59962
810913,3164983441 6016622,66339675       59963
810931,9772135266 6016731,63812671       59964
810937,2549849919 6016846,92188313       59965
810936,2765016943 6016889,25770765       59966
810904,5553474561 6016887,20077521       59967
810924,2554591009 6016951,19366745       59968
810926,022698663 6017046,54071544       59969
810920,6857282665 6017162,90259679       59970
810915,8685453862 6017256,7735000       59971
810916,8245335526 6017272,67999546       59972
810938,7953946374 6017295,69063808       59973
810970,2107166237 6017310,97746154       59974
811025,6538466008 6017317,553918852       59975
811089,4325026749 6017307,11501376       59976
811154,7789476365 6017286,12285730       59977
811224,4002107577 6017251,99255280       59978
811260,9161542864 6017218,4205830       59979
811279,8355718906 6017201,64983241       59980
811294,9696866223 6017176,84938871       59981
811308,8724843455 6017148,04942883       59982
811311,0824100483 6017109,713278742       59983
811309,2315516747 6017075,25428446       59984
811299,4547733204 6017001,55509313       59985