736407,8691616812 6036300,78713028       64685
736427,1733355098 6036261,32934384       64686
736445,3249632911 6036204,96734166       64687
736461,8174993133 6036171,78993771       64688
736465,0903464248 6036165,20596849       64689
736483,7599822143 6036133,71982045       64690
736496,9643691339 6036092,58982895       64691
736507,4480290455 6036036,05445662       64692
736508,0024318623 6036011,516798       64693
736507,3350626105 6035973,14203281       64694
736495,7592146035 6035942,19279616       64695
736504,2588813729 6035905,55952306       64696
736492,5097702434 6035882,27826359       64697
736474,1064549026 6035881,86248035       64698
736454,2853157502 6035907,04063273       64699
736450,0629415065 6035927,35087727       64700
736431,3825525646 6035939,20393241       64701
736402,0362516649 6035947,74721803       64702
736381,4063863865 6035977,96881211       64703
736376,2859199556 6036000,86890118       64704
736366,911087248 6036008,32908917       64705
736316,336845096 6036005,65210141       64706
736282,6322735104 6036003,35625278       64707
736259,8707842571 6035992,1013542       64708
736232,1274461922 6035997,61208124       64709
736210,4490759184 6036006,32871978       64710
736197,7992660981 6036022,92110402       64711
736194,143060194 6036048,92303419       64712
736198,2587539857 6036070,49734950       64713
736203,0788142493 6036077,06518004       64714
736213,1443769363 6036090,78057715       64715
736238,9384145011 6036103,63837380       64716
736274,1765582322 6036105,96887532       64717
736295,4737000519 6036114,12190834       64718
736304,3980922308 6036126,59859926       64719
736300,9497348663 6036143,39894142       64720
736282,0961601022 6036162,9199229       64721
736263,2078435258 6036183,97450890       64722
736245,5760592212 6036217,33252818       64723
736246,4167032319 6036248,03909185       64724
736238,1424073059 6036252,75279082       64725
736223,100912052 6036261,3217585       64726
736190,618219006 6036272,86292727       64727
736156,5326336294 6036287,43667015       64728
736127,4289100232 6036285,24475951       64729
736104,8407405624 6036266,32184854       64730
736090,1977772086 6036235,303503551       64731
736075,3468270412 6036213,486712174       64732
736068,6143067542 6036171,90642336       64733
736066,4478594648 6036131,96356638       64734
736056,5787985302 6036093,38118550       64735
736054,3430372216 6036056,50552714       64736
736053,8833829829 6036008,92931687       64737
736061,2464337607 6035993,17047486       64738
736071,6191089415 6035970,97038399       64739
736078,4809715021 6035938,90338096       64740
736063,595396108 6035918,62017702       64741
736027,0314712805 6035907,05356145       64742
735988,5182340558 6035913,85547664       64743
735960,4978056259 6035931,63518031       64744
735927,6340673134 6035960,04603971       64745
735888,4626973217 6035995,986378686       64746
735883,5073715146 6036025,78971188       64747
735880,9743318978 6036041,02482874       64748
735880,6357248015 6036056,01515165       64749
735880,2745424514 6036072,00482710       64750
735883,5495906709 6036104,074467353       64751
735893,1428729576 6036166,28274011       64752
735910,07626495 6036257,65283067       64753
735901,9905506347 6036280,15186541       64754
735902,7619877281 6036313,92555586       64755
735911,0974143005 6036352,47317647       64756
735917,9686092788 6036387,91903393       64757
735911,1412821322 6036418,452356541       64758
735884,7930413486 6036430,13202595       64759
735850,8115317135 6036440,10496949       64760
735815,227242044 6036453,11048338       64761
735813,1046834121 6036479,1468966       64762
735827,6783293405 6036513,23230961       64763
735825,830876115 6036532,31309933       64764
735823,6758051588 6036554,56988981       64765
735827,8261187975 6036574,61055230       64766
735850,4834917822 6036590,46605957       64767
735863,6968210756 6036616,84890793       64768
735892,1073684718 6036649,712531052       64769
735908,353228737 6036677,69827910       64770
735938,9957240178 6036712,553569389       64771
735972,9808394554 6036737,464404684       64772
735992,7788546789 6036744,04924978       64773
736005,4633606628 6036725,92333062       64774
736013,7550581541 6036698,49204850       64775
736029,783867197 6036668,166795813       64776
736061,5738430588 6036633,0240542       64777
736094,6707733057 6036580,6392215       64778
736119,7278908144 6036558,18974211       64779
736147,6097815778 6036546,54469724       64780
736184,9011184669 6036525,90601957       64781
736223,6566826487 6036508,36910303       64782
736263,8766689685 6036493,9341568       64783
736293,43072626 6036476,1893388       64784
736315,4208085281 6036453,67053796       64785
736337,3762478749 6036432,68533937       64786
736349,443926285 6036411,02348274       64787
736356,8503553971 6036397,728853242       64788
736360,4556034158 6036390,30182919       64789
736385,532524908 6036338,64198470       64790
736407,8691616812 6036300,78713028       64791