414122,29834410915 5957955,97569374       1983
413979,4955310555 5957957,43439067       1984
413890,6855056549 5957958,75811212       1985
413865,57500865497 5957942,33160551       1986
413868,9938777243 5957913,84443352       1987
413906,21353751334 5957908,86964055       1988
413938,00668571924 5957889,51003552       1989
413937,0058483727 5957862,70930906       1990
413922,5482524072 5957835,42846540       1991
413905,6676211905 5957811,54404286       1992
413888,5964104334 5957782,7667687       1993
413869,4579619566 5957739,39634096       1994
413840,878756161 5957667,84443175       1995
413785,77843003196 5957521,7817573       1996
413769,7568029592 5957472,47400167       1997
413733,72508420335 5957386,69275744       1998
413704,6375521467 5957386,11746929       1999
413651,75133369095 5957385,07151043       2000
413605,35648820025 5957323,31089234       2001
413582,9173063595 5957254,08798240       2002
413557,04937779513 5957224,47754002       2003
413504,01554020424 5957231,35194401       2004
413444,4942165619 5957164,0538443       2005
413361,54929484555 5957077,76207396       2006
413296,9054982442 5957002,41366429       2007
413281,7477294046 5956971,91288904       2008
413306,82561422145 5956902,08625661       2009
413281,16674432333 5956861,89839843       2010
413269,0955657912 5956803,46167164       2011
413254,32779846 5956747,61701548       2012
413212,64606353897 5956715,04842223       2013
413138,3879229708 5956724,55097087       2014
413140,5396113399 5956615,74388351       2015
413092,7407248538 5956608,68633975       2016
413081,70631246513 5956720,62059932       2017
413079,90655265626 5956738,877133328       2018
412833,3040021359 5956768,39061945       2019
412637,04836787004 5956793,60923372       2020
412519,8089704898 5956836,26247283       2021
412426,5253905868 5956871,45343445       2022
412343,50556356943 5956922,719428685       2023
412281,7972500779 5956966,47078629       2024
412219,3572553267 5957047,24275996       2025
412188,8059383855 5957120,70901642       2026
412151,7116043324 5957257,53454057       2027
412108,1788154944 5957452,43060086       2028
412093,5460761156 5957523,56593511       2029
412059,6054960882 5957546,64143768       2030
412031,26321443834 5957596,40483417       2031
412019,64058593026 5957649,08211247       2032
412013,07627721597 5957707,67108179       2033
412014,69667184685 5957765,37988759       2034
412034,8496654609 5957868,68109158       2035
412041,1186754239 5957900,81496496       2036
412080,9712916809 5958025,93391974       2037
412114,6451025493 5958088,26635730       2038
412157,5306782985 5958167,65037043       2039
412236,47288645443 5958322,64036943       2040
412290,0694793171 5958421,57717899       2041
412370,2135688878 5958515,74804521       2042
412473,47672468796 5958644,76514134       2043
412605,09526332055 5958811,37707148       2044
412748,71514965914 5958984,51453893       2045
412784,4208867314 5959022,534666995       2046
412881,9186904367 5959126,35202636       2047
413022,09644605214 5959261,38895565       2048
413151,09306303825 5959382,87112128       2049
413168,00540109084 5959396,63229785       2050
413237,8601909739 5959453,471653135       2051
413392,5133190799 5959525,30723122       2052
413520,61893385137 5959601,90865239       2053
413598,84923812846 5959659,006810063       2054
413682,52478359157 5959708,27673885       2055
413734,0773003149 5959728,87480105       2056
413835,3135212215 5959769,32415255       2057
414084,483377487 5959848,49006575       2058
414213,0587917279 5959901,29332119       2059
414362,9973358981 5959943,93801273       2060
414455,5464225981 5959945,76836500       2061
414506,56106613996 5959950,42776258       2062
414566,4485420289 5959955,89763599       2063
414614,14434790565 5959952,64614593       2064
414738,67053884873 5959944,15720982       2065
414846,6876952115 5959964,08580615       2066
414968,00962799287 5959982,35745567       2067
415105,3017190708 5959995,65441939       2068
415240,3157044307 5959990,38948704       2069
415337,9438452243 5960002,90210738       2070
415406,2759279152 5960025,41628798       2071
415556,8413856506 5960036,33103260       2072
415699,3170730507 5960055,02171202       2073
415829,09464351257 5960047,00849934       2074
415959,1861435379 5960023,12984675       2075
416095,432753208 5960002,26302722       2076
416219,2121814026 5959983,30567203       2077
416428,57886224455 5959963,64173755       2078
416584,5370593229 5959969,37376213       2079
416936,588244979 5959957,82533341       2080
417092,2223921162 5959941,24732532       2081
417146,0069896181 5959935,51832554       2082
417215,3331805777 5959907,7926384       2083
417897,91424881143 5959902,79096173       2084
418212,47400123323 5959914,31090918       2085
418641,2593372301 5959901,64145649       2086
418771,0364024713 5959893,63111420       2087
418822,53433767764 5959885,91161799       2088
418895,7345848795 5959874,93915104       2089
419039,09939717024 5959848,68121224       2090
419213,93322283047 5959836,27337353       2091
419298,4438776018 5959843,23832238       2092
419435,62961281097 5959861,82803967       2093
419488,61906371335 5959857,587417       2094
419547,50628995633 5959854,37378473       2095
419553,63600173255 5959854,03924187       2096
419737,5435283214 5959844,003108134       2097
419875,0434830515 5959846,72790216       2098
420059,87758896686 5959863,6172600       2099
420366,76510284655 5959861,76377302       2100
420768,47768635256 5959880,30769875       2101
421813,62651755736 5959866,64196986       2102
421858,94523794623 5959849,02387221       2103
421901,6722263434 5959828,70917161       2104
421941,9648081253 5959797,76522544       2105
421963,10474150407 5959398,74980988       2106
421946,5879919273 5959297,90214214       2107
421914,0921466817 5959220,10275318       2108
421908,70773348684 5959207,211610422       2109
421892,5913962021 5959181,96652427       2110
421867,65860777977 5959142,91099925       2111
421755,05797162483 5959085,12710190       2112
421608,449143116 5959008,15185314       2113
421492,5222600575 5958984,69068985       2114
421363,84602874756 5958937,16933871       2115
421216,1820763041 5958868,94105458       2116
420938,3806792443 5958704,3059237       2117
420709,39135639963 5958590,88717381       2118
420589,0664351931 5958522,36940931       2119
420460,07474336016 5958490,71401377       2120
420309,71927076887 5958469,21633131       2121
420141,06354944385 5958436,77492726       2122
420038,30448667565 5958416,22097516       2123
419925,12563029415 5958387,52468993       2124
419654,8632617001 5958276,35629161       2125
419521,78196745005 5958212,48258087       2126
419380,1648662223 5958178,77783991       2127
419240,6476615469 5958144,26950078       2128
419106,5759983637 5958101,93317934       2129
419006,87971415964 5958060,27808482       2130
418867,2050170916 5958033,702826600       2131
418735,20107553963 5958020,50612358       2132
418653,4905980835 5958005,66068216       2133
418593,19620176806 5957978,01301144       2134
418554,0559545874 5957950,78455061       2135
418356,4960995479 5957774,92519411       2136
418262,7687835495 5957698,99963615       2137
418187,0799266823 5957647,23913464       2138
418121,7585572194 5957606,265438992       2139
418077,22474670666 5957584,22060880       2140
417963,3110845902 5957592,54548206       2141
417711,89449331426 5957598,14696916       2142
417500,0897429079 5957607,17860150       2143
417341,3801645397 5957606,68088466       2144
417201,59949097765 5957585,39549396       2145
417125,229200423 5957568,01126007       2146
416995,7636998189 5957560,15695951       2147
416890,1491810307 5957550,1297435       2148
416802,78281601635 5957553,69056224       2149
416701,77623550163 5957578,14399559       2150
416528,7095232596 5957600,05388259       2151
416436,1428801419 5957633,727473170       2152
416329,95233221387 5957652,78789296       2153
416179,0705765117 5957657,73717561       2154
416102,1767023348 5957666,79634782       2155
416001,22251954296 5957688,60607974       2156
415884,2978377311 5957715,39037372       2157
415786,1448443801 5957729,31964312       2158
415661,96765198803 5957721,5712960       2159
415553,4468325571 5957724,71427526       2160
415478,67388839496 5957760,26922167       2161
415335,3586883461 5957783,88636452       2162
415189,2943842716 5957812,74005627       2163
415011,9171548389 5957819,81169416       2164
414942,53757814475 5957850,18288791       2165
414888,22670808714 5957922,58436626       2166
414837,5977602619 5957955,84841232       2167
414798,866281145 5957965,0763135       2168
414756,10741901794 5957961,374911210       2169
414727,81787690707 5957947,96559300       2170
414686,260293456 5957955,70979014       2171
414522,51727374137 5958005,29676661       2172
414467,0503461349 5958018,9299982       2173
414409,8265335328 5958000,21208149       2174
414333,9162901368 5957940,17325465       2175
414317,46162931895 5957922,44218040       2176
414294,7739360342 5957897,99446389       2177
414259,71545375686 5957865,89074901       2178
414223,20155365684 5957835,18597138       2179
414196,0851045931 5957834,6495980       2180
414160,0950009193 5957849,64283308       2181
414117,91632363247 5957888,78526750       2182
414101,5680826505 5957921,29987415       2183
414122,29834410915 5957955,97569374       2184