482576,87124908954 6035587,75913705       59056
482657,2856009443 6035579,20713327       59057
482683,8669362784 6035579,74517892       59058
482773,93751159793 6035610,35899577       59059
482822,52237994166 6035626,87234192       59060
482911,6202432584 6035604,29972857       59061
482885,44239289203 6035583,8255790       59062
482821,6973695493 6035558,15891833       59063
482742,58089451765 6035525,53312618       59064
482714,4454878722 6035475,72090693       59065
482700,29839793884 6035450,67411149       59066
482680,53962600825 6035415,69210979       59067
482650,24531442893 6035379,62244535       59068
482624,2019668823 6035352,5030156       59069
482592,58799697296 6035359,07672035       59070
482565,51466928323 6035295,91437819       59071
482549,0041791724 6035235,74746093       59072
482523,94713678886 6035159,89528480       59073
482498,7106243385 6035092,90354376       59074
482455,3945303532 6035043,27408024       59075
482393,75288079825 6035014,36329878       59076
482318,95333609584 6034996,191921093       59077
482256,92976846534 6034994,93667601       59078
482203,6322075041 6035000,50620149       59079
482152,05662548385 6035030,48688909       59080
482109,43131302384 6035056,21675576       59081
482061,97234868177 6035101,79303331       59082
482005,8322362736 6035138,32953291       59083
481962,89313881996 6035179,56522867       59084
481936,46090553724 6035208,74844747       59085
481917,55981362675 6035229,61668685       59086
481831,0544088047 6035343,0997388       59087
481762,89766922925 6035425,92978318       59088
481753,40974767564 6035456,76212540       59089
481755,2215456249 6035476,74302924       59090
481772,6735506246 6035490,392265595       59091
481798,8515486909 6035510,86617168       59092
481838,3203174791 6035531,60900133       59093
481873,58294935164 6035541,18658355       59094
481948,762428661 6035549,35590740       59095
482041,3938519083 6035571,17445006       59096
482129,6847598999 6035588,47329239       59097
482240,0369932952 6035610,65070368       59098
482308,57110026485 6035618,68578669       59099
482412,950454926 6035607,50206691       59100
482576,87124908954 6035587,75913705       59101