784215,1322866764 6020248,94011035       66902
784173,864594175 6020247,99468801       66903
784138,8730484463 6020250,36915575       66904
784096,5145401942 6020297,04026931       66905
784054,3743316075 6020334,18807895       66906
783980,9987821729 6020348,3875899       66907
783904,1580898798 6020375,21219354       66908
783884,1661178602 6020416,04342190       66909
783921,8956372517 6020432,78816320       66910
784004,4307478819 6020434,678951194       66911
784058,7596327993 6020420,04315798       66912
784094,7691629394 6020373,22668065       66913
784175,5845226247 6020311,55618993       66914
784249,2420268953 6020287,84652783       66915
784265,5596499109 6020265,97598543       66916
784215,1322866764 6020248,94011035       66917
785854,5727303999 6021817,40174108       66918
785803,7818425712 6021816,236827115       66919
785765,3246371192 6021831,23526920       66920
785745,6228543685 6021859,36833122       66921
785751,0252128642 6021900,78151102       66922
785775,8382135353 6021926,75933230       66923
785823,2361916202 6021937,37472805       66924
785867,6781886169 6021938,39407404       66925
785896,684856033 6021920,00283998       66926
785913,3578985909 6021885,44813605       66927
785892,0106512655 6021846,84526985       66928
785854,5727303999 6021817,40174108       66929
784215,1322866764 6020248,94011035       66902