509453,9860765196 5279479,81814745       53
509441,8202648014 5279454,19844448       54
509406,88289465796 5279456,66025176       55
509377,9641140057 5279475,10216596       56
509354,7276558753 5279493,3386642       57
509342,51147725736 5279502,92614411       58
509310,03586050484 5279540,32531368       59
509277,5603229957 5279577,72438811       60
509232,0815484721 5279630,71724771       61
509183,4324620987 5279683,64570117       62
509144,35854634317 5279733,59712938       63
509105,155763183 5279789,88920532       64
509075,2706089892 5279855,88525947       65
509058,7750884584 5279887,26600386       66
509067,3840866263 5279931,84307925       67
509079,0345319057 5279982,82533878       68
509062,41016219277 5280020,54657361       69
509074,3182787012 5280058,84766392       70
509095,47957970423 5280110,02312921       71
509101,04725610255 5280148,19542027       72
509122,85273312154 5280167,66800811       73
509164,3241403258 5280155,82426111       74
509168,50021356257 5280152,54673032       75
509199,77694063494 5280128,00018182       76
509241,57037905866 5280100,30501652       77
509258,0659808665 5280068,92418369       78
509271,9064746235 5280012,11672882       79
509279,66404126486 5279942,49938347       80
509311,88814758224 5279830,81245003       81
509337,02898547146 5279773,38570954       82
509360,1727767075 5279715,91842194       83
509377,1906421217 5279666,85999233       84
509394,08742130024 5279618,15074254       85
509417,1810510111 5279574,21777759       86
509433,80522730923 5279536,49654002       87
509453,9860765196 5279479,81814745       88