479877,79132081254 5990290,58667087       58901
479947,4695735935 5990276,57587746       58902
479993,5578470153 5990285,21920626       58903
480009,44051005156 5990262,40912110       58904
480006,8032497086 5990205,52520379       58905
480100,2930124369 5990188,78732187       58906
480301,71301057306 5990162,88010520       58907
480392,1472176436 5990089,74974557       58908
480394,1090535043 5989992,83975458       58909
480347,95643617754 5989918,43201554       58910
480248,93053534033 5989858,59823951       58911
480176,3343822983 5989826,28655717       58912
480052,9380773851 5989827,644006995       58913
479941,8827534392 5989790,69868661       58914
479862,20309208333 5989727,40151248       58915
479804,84918158175 5989675,070289453       58916
479745,7020892873 5989578,54281702       58917
479754,65748432215 5989517,03950317       58918
479781,98571502103 5989443,75005696       58919
479736,7897228145 5989432,81677759       58920
479600,99605985614 5989426,070590571       58921
479486,74911488884 5989391,77495280       58922
479429,2757283423 5989402,50647888       58923
479370,92419373285 5989428,31271326       58924
479353,834487318 5989416,41321932       58925
479347,1295512725 5989411,7445664       58926
479336,708606686 5989404,48850699       58927
479360,84474957874 5989354,85813260       58928
479420,1866178579 5989322,46280827       58929
479484,8269015851 5989239,81392065       58930
479565,90924237465 5989085,53453701       58931
479668,3447677169 5988962,67138982       58932
479815,4845607888 5988902,68146770       58933
479983,1796160874 5988893,25143089       58934
480172,00296660874 5988966,86880753       58935
480355,74278977374 5988962,47806391       58936
480398,7579223234 5988932,50640292       58937
480429,97785165755 5988913,86196471       58938
480405,23797265964 5988850,65195623       58939
480378,132110778 5988808,71907359       58940
480297,9058938864 5988772,39711394       58941
480209,1920877655 5988774,45658254       58942
480113,160901597 5988757,09139310       58943
480048,7395439723 5988701,81309276       58944
479945,78077762463 5988645,75465681       58945
479768,8908592772 5988636,87304160       58946
479579,98788238777 5988622,92989873       58947
479334,7849153319 5988737,48247346       58948
479216,59953029925 5988862,31616336       58949
479168,1713018232 5988969,28476143       58950
479014,4626612419 5989220,301182196       58951
478954,56718156685 5989427,59857943       58952
478932,3358151378 5989573,64970669       58953
478924,9734679664 5989746,9885816       58954
478943,88533832866 5989955,55624521       58955
478976,15162614384 5990075,72245563       58956
479010,63410365535 5990276,8941073       58957
479037,8768922029 5990454,7873244       58958
479081,6992913921 5990608,5271469       58959
479102,91813360335 5990682,968245733       58960
479216,84905012365 5990875,54030835       58961
479435,3632820116 5991140,82460837       58962
479611,22365071403 5991291,305781065       58963
479842,47677903384 5991420,91971709       58964
479950,81194861495 5991444,78274405       58965
480050,3827802796 5991477,63980293       58966
480146,4119855089 5991495,00442667       58967
480223,562906961 5991492,71081860       58968
480266,4989821346 5991466,59334246       58969
480283,0836859254 5991409,10070735       58970
480348,33044576197 5991233,08091072       58971
480369,00294274034 5991164,10513587       58972
480370,2511042626 5991102,44664900       58973
480340,1238859908 5991067,13967570       58974
480264,0647983616 5991015,48194418       58975
480203,73233691143 5990948,721584246       58976
480170,2194677947 5990890,214532454       58977
480089,83848857245 5990861,60079495       58978
480001,51617492025 5990844,39219316       58979
479937,01779548655 5990792,96855115       58980
479862,36227794044 5990671,94480729       58981
479817,67813087656 5990593,93539492       58982
479777,0815165489 5990504,44291421       58983
479755,90928539 5990407,63301993       58984
479776,50363105757 5990342,51038366       58985
479834,6988027623 5990324,41183603       58986
479877,79132081254 5990290,58667087       58987