773725,3701386137 6043998,01583439       65295
773752,8254918747 6043993,5185769       65296
773793,5174898196 6044008,13013383       65297
773837,7838154929 6044015,9859026       65298
773867,0264572593 6044008,11077118       65299
773860,7813470734 6043982,32469841       65300
773818,4984815351 6043962,54804054       65301
773771,6005976412 6043920,44182071       65302
773762,0168215815 6043891,15989849       65303
773749,0944023619 6043858,38231772       65304
773708,9129833945 6043821,55905418       65305
773662,6041713262 6043753,82395616       65306
773644,5558898242 6043720,92854814       65307
773645,4592774871 6043681,63080159       65308
773656,4571401383 6043649,40299780       65309
773681,0452408341 6043620,90669664       65310
773685,4443682816 6043578,27025640       65311
773688,0170558877 6043540,720322791       65312
773664,8036132087 6043509,41564110       65313
773629,7476699814 6043472,71023602       65314
773575,5437268543 6043450,95025073       65315
773553,9210154755 6043424,81058409       65316
773530,4718717718 6043403,75755479       65317
773494,1592632211 6043421,7274486       65318
773440,878492311 6043434,178829716       65319
773391,211200893 6043438,16587076       65320
773342,0938093986 6043418,23235650       65321
773303,2672709291 6043396,82598750       65322
773271,5107244698 6043365,32512008       65323
773246,4707539352 6043339,1071308       65324
773228,2651662997 6043313,04621570       65325
773166,5199259126 6043321,88423268       65326
773075,1789751732 6043353,97513808       65327
773043,8352830355 6043378,89732213       65328
773026,2388958032 6043400,71642048       65329
773018,2265842308 6043451,81730140       65330
773017,3627581361 6043489,40636600       65331
773005,8547111244 6043543,84575123       65332
772989,4172100193 6043589,62434574       65333
772985,3325064378 6043618,59186638       65334
772982,9956560242 6043645,89005346       65335
772994,5631217404 6043663,250924665       65336
773025,1999512885 6043669,083503       65337
773050,8680822278 6043667,96392536       65338
773075,2988452107 6043646,3018866       65339
773099,6118125552 6043629,765718       65340
773161,1996849598 6043627,76220056       65341
773244,8030562369 6043634,81220083       65342
773309,2583800833 6043656,807632877       65343
773356,7063008223 6043674,99330100       65344
773405,4309040142 6043712,01271805       65345
773435,0466417056 6043762,268896800       65346
773474,3640319138 6043836,68105010       65347
773501,8782996242 6043903,98399209       65348
773520,0050885777 6043933,46212539       65349
773570,5951183594 6043963,68657043       65350
773612,8778526366 6043983,46309311       65351
773639,7047834031 6044006,3032960       65352
773655,965793302 6044042,57655500       65353
773684,8940176342 6044048,37013113       65354
773705,9863708081 6044023,21262880       65355
773725,3701386137 6043998,01583439       65356