770898,8729164554 6046539,82749566       65357
770930,7524209544 6046534,21011385       65358
771003,7400104911 6046535,88764802       65359
771067,3533132547 6046530,99967961       65360
771134,3588442779 6046516,66447864       65361
771239,4449781622 6046503,20472226       65362
771331,8377193629 6046489,45326205       65363
771408,2907137806 6046478,51049634       65364
771480,9866838469 6046492,88184239       65365
771509,9119427544 6046477,67141313       65366
771621,7099765205 6046448,49095517       65367
771692,0352883358 6046427,88218355       65368
771750,031796576 6046391,11477135       65369
771817,8403590764 6046341,87256282       65370
771863,9459588451 6046269,90577318       65371
771878,1716284284 6046203,55622910       65372
771869,7457773278 6046155,73632764       65373
771813,4270382787 6046119,515701327       65374
771762,5067072979 6046124,69526288       65375
771718,370884319 6046110,98038009       65376
771710,0178802065 6046059,98711512       65377
771730,5901617552 6045993,78336658       65378
771764,8773936925 6045883,443528742       65379
771792,6532128167 6045797,376796       65380
771875,618270323 6045762,16069376       65381
771930,6605354869 6045715,79954501       65382
771969,1792588679 6045697,63444564       65383
772058,837383637 6045664,76935968       65384
772135,0725226493 6045663,34676782       65385
772211,5995220656 6045649,23055269       65386
772310,1946223591 6045641,97181216       65387
772405,616279772 6045634,64028966       65388
772484,8061757786 6045642,81116265       65389
772561,0415709321 6045641,38885718       65390
772658,4693639511 6045684,90547298       65391
772702,7515243146 6045692,27389778       65392
772769,1748293214 6045703,32657837       65393
772871,0896985093 6045689,794573734       65394
772979,3515383156 6045676,40859957       65395
773068,3539196991 6045672,10514311       65396
773170,1231106131 6045664,92014717       65397
773226,7342449181 6045688,44804987       65398
773292,5007569022 6045728,0621660       65399
773351,4094194171 6045789,74444876       65400
773385,1494762248 6045841,32250898       65401
773394,0128471814 6045870,10244459       65402
773425,2363671924 6045893,04657209       65403
773491,5137087834 6045910,44671260       65404
773526,4216516926 6045911,24970311       65405
773574,2423715729 6045902,82438285       65406
773616,0082351923 6045881,55930025       65407
773642,0528058311 6045853,58221458       65408
773668,8275040223 6045793,87065071       65409
773721,1358167084 6045728,396044       65410
773786,0649932302 6045666,386933194       65411
773818,456657389 6045638,55586365       65412
773819,1136763527 6045609,99466101       65413
773790,9904753123 6045590,29691299       65414
773721,3203505088 6045582,3440190       65415
773636,0018706754 6045564,50573805       65416
773602,6258792772 6045565,40580617       65417
773572,4597202198 6045566,21930730       65418
773486,6303579903 6045570,59542404       65419
773410,8323178149 6045552,976429095       65420
773354,0020937085 6045538,96886805       65421
773281,5965772315 6045511,90254057       65422
773253,1814195621 6045504,89880056       65423
773231,4291217403 6045478,54883059       65424
773261,2068907979 6045432,055360083       65425
773293,5253395995 6045407,39747279       65426
773354,4048757813 6045383,39651616       65427
773434,106340907 6045369,353739331       65428
773494,4020967686 6045370,7404655       65429
773567,4647967217 6045369,24572514       65430
773621,4136910855 6045370,48654706       65431
773644,1388409238 6045348,78326165       65432
773654,5351077719 6045310,92060098       65433
773656,0678823423 6045244,27778564       65434
773689,8463032362 6045156,15043741       65435
773690,6491635928 6045121,24219382       65436
773666,2101321361 6045079,40321405       65437
773634,9863361975 6045056,4589890       65438
773623,3871039974 6045008,5649137       65439
773634,4402330877 6044942,14086681       65440
773648,3018186231 6044891,65711853       65441
773671,6108482386 6044844,56575341       65442
773701,4129015934 6044791,2733619       65443
773713,0497306865 6044699,46118368       65444
773743,2896645142 6044627,12768093       65445
773766,6716955045 6044576,86265689       65446
773799,5742989798 6044526,8165292       65447
773834,1326029748 6044471,37374861       65448
773834,3012170652 6044397,43296421       65449
773804,0987294223 6044330,05965840       65450
773764,0837088241 6044275,16151831       65451
773733,4431895636 6044226,82929227       65452
773731,2182700469 6044185,50086916       65453
773744,4960982491 6044160,40465740       65454
773760,9473264106 6044135,381500930       65455
773764,6315942677 6044113,23986943       65456
773736,9175883441 6044090,59413181       65457
773711,3672700797 6044086,58769195       65458
773692,219207492 6044101,53290292       65459
773654,1587993811 6044121,17177086       65460
773607,8696207525 6044126,94550115       65461
773582,2014858739 6044128,06486049       65462
773553,2733023936 6044122,27130381       65463
773519,4157564167 6044107,81696720       65464
773468,9436686527 6044072,46677640       65465
773166,3655258539 6043774,89755407       65466
773139,7348414874 6043743,51458946       65467
773106,1127985627 6043718,80892370       65468
773053,3035634928 6043710,7572295       65469
773001,9673256448 6043712,99637316       65470
772964,5746902152 6043703,58954845       65471
772930,9525302758 6043678,88396705       65472
772905,6378143318 6043664,62626729       65473
772880,0875059085 6043660,620112075       65474
772828,8298412043 6043659,44217814       65475
772775,9749863213 6043652,69927401       65476
772746,4886565427 6043653,3031538       65477
772733,5341937568 6043659,41250246       65478
772729,883773983 6043706,74069154       65479
772744,5199390734 6043729,09587329       65480
772776,5229810165 6043742,39576575       65481
772795,7619628757 6043764,377009788       65482
772814,9597090379 6043788,15220454       65483
772826,7342934523 6043822,526365343       65484
772801,3299674183 6043834,50698298       65485
772727,776955052 6043832,81665649       65486
772651,9353281893 6043852,6128689       65487
772599,8688818249 6043853,21127593       65488
772517,5523006376 6043842,34505901       65489
772438,9472947747 6043826,17953862       65490
772376,5705065981 6043806,79709663       65491
772318,0290157741 6043776,73330752       65492
772288,1085071599 6043750,91693311       65493
772268,9931388272 6043723,55404033       65494
772228,3500813365 6043695,696449215       65495
772173,1491139226 6043676,47905514       65496
772125,0827888472 6043659,220497197       65497
772079,1814220219 6043625,85743436       65498
772029,5272061022 6043599,587933904       65499
771997,5655016461 6043584,49431431       65500
771926,2599771961 6043563,112266418       65501
771887,0398963189 6043551,44183003       65502
771855,44905721 6043520,20263125       65503
771809,1355337189 6043504,77943037       65504
771770,1214771834 6043484,13926903       65505
771711,3324986368 6043464,83980919       65506
771681,4119309478 6043439,02371149       65507
771678,5244218394 6043408,44386538       65508
771698,8349917736 6043383,78157454       65509
771731,7444493084 6043357,61365984       65510
771748,549468623 6043329,28096185       65511
771741,9092559505 6043305,79452619       65512
771713,4941343658 6043292,57749419       65513
771675,8206963243 6043291,71224044       65514
771659,0982120547 6043316,45697361       65515
771634,9113623623 6043353,5947548       65516
771598,4550800079 6043377,88623833       65517
771567,5868357369 6043393,33154081       65518
771514,9025690549 6043420,84017813       65519
771484,0342629276 6043436,2854772       65520
771446,0314360921 6043449,77194341       65521
771409,0510354942 6043434,22850190       65522
771367,2741411675 6043418,06140437       65523
771330,303479092 6043402,5074258       65524
771291,2795019017 6043377,85721339       65525
771269,0955650647 6043309,47896817       65526
771258,6585484284 6043222,14097688       65527
771256,980251083 6043147,446722439       65528
771247,010268823 6043039,75869236       65529
771263,2131235327 6042974,524019930       65530
771287,6491893907 6042921,08299736       65531
771320,5052683594 6042893,26550985       65532
771360,6198836847 6042870,4324128       65533
771391,819735994 6042841,73883623       65534
771395,0672898625 6042798,82955024       65535
771387,0871924246 6042752,26908076       65536
771377,3821116041 6042715,13297434       65537
771351,761671427 6042698,543916400       65538
771307,5825033239 6042676,91873890       65539
771256,1388421119 6042638,34555664       65540
771228,9553246121 6042602,71969511       65541
771206,5881291778 6042563,86604318       65542
771190,9706977571 6042514,84321930       65543
771170,4037852825 6042452,36787493       65544
771143,676842676 6042425,97079365       65545
771093,1922702891 6042412,11123490       65546
771012,7099934546 6042402,88599522       65547
771017,1355251805 6042372,1624017       65548
771024,1199358485 6042323,67411174       65549
770943,0227517001 6042309,74951786       65550
770856,0467478709 6042303,37345701       65551
770846,3619841002 6042338,65146519       65552
770758,8635858012 6042333,97686390       65553
770701,2152635093 6042327,22578841       65554
770626,3235032486 6042321,93489580       65555
770583,2355725381 6042331,66214350       65556
770550,2026564733 6042370,19663414       65557
770517,3337297679 6042401,5908274       65558
770460,0471529914 6042407,42015841       65559
770396,2756799721 6042384,52436305       65560
770310,9193377411 6042368,27742683       65561
770254,1243897518 6042352,68597200       65562
770173,5670854138 6042282,9685496       65563
770085,3779230544 6042234,50839766       65564
769997,3524432792 6042178,908088149       65565
769934,2361817337 6042127,451432642       65566
769910,064172976 6042091,17634073       65567
769873,2494767213 6041983,1704180       65568
769857,6918745737 6041882,79613373       65569
769845,458575682 6041793,21415464       65570
769867,8624037106 6041750,86341374       65571
769907,2162464825 6041748,19419229       65572
769922,5617070575 6041702,10942882       65573
769927,1145718262 6041659,3491430       65574
769882,7208111866 6041567,16955288       65575
769843,7233082281 6041557,41859129       65576
769794,8871549597 6041506,2896200       65577
769710,4310297631 6041450,771532631       65578
769586,7848226 6041390,78277922       65579
769484,2320610909 6041345,56617383       65580
769359,5213661157 6041331,99016769       65581
769296,4187432707 6041308,22507238       65582
769225,0151539464 6041306,58775851       65583
769186,3398810534 6041313,03948704       65584
769149,7140595515 6041319,14929958       65585
769070,3516721616 6041353,05004919       65586
768980,2789162236 6041386,70523381       65587
768908,3025431451 6041410,05927216       65588
768868,7033206428 6041423,43958416       65589
768829,5952449078 6041415,39882262       65590
768795,5232511049 6041395,43451311       65591
768713,0076827584 6041359,14533831       65592
768671,3934369572 6041304,61067829       65593
768649,9579332256 6041276,42876174       65594
768630,0246681287 6041239,36559630       65595
768595,6325150235 6041181,4245746       65596
768585,099294283 6041123,88846877       65597
768557,7519642416 6041119,831540178       65598
768497,7956732643 6041086,30887933       65599
768441,0822179981 6041067,14873212       65600
768376,559121808 6041048,69536519       65601
768381,1929829922 6041002,36502507       65602
768367,8942835333 6040959,19571236       65603
768329,6191435233 6040943,144590490       65604
768272,9055321582 6040923,98458447       65605
768227,4753135066 6040880,07890661       65606
768156,8083235155 6040846,31108208       65607
768082,6530515495 6040808,89123303       65608
768044,4448078319 6040761,57922352       65609
768002,3391089614 6040728,46595537       65610
767960,1515795344 6040698,92299602       65611
767896,134119833 6040686,73994707       65612
767852,3688181278 6040659,492003459       65613
767791,8546216881 6040667,630881648       65614
767756,4738321388 6040673,70962704       65615
767692,4589318584 6040709,80551836       65616
767637,2738514617 6040762,51848018       65617
767576,4689851513 6040783,35126502       65618
767529,3031895537 6040763,21988763       65619
767469,1526281864 6040755,49156831       65620
767428,0430446882 6040748,1995059       65621
767422,3503439471 6040719,49285262       65622
767438,7993653589 6040694,46866949       65623
767461,9587288207 6040653,72245964       65624
767447,0152605828 6040616,611316618       65625
767424,2795381029 6040582,67010164       65626
767392,5410110311 6040551,51908111       65627
767318,5235153505 6040539,30690097       65628
767245,5621988669 6040581,38665159       65629
767205,4167243952 6040625,61963825       65630
767145,269762309 6040724,82804352       65631
767131,9658935943 6040782,69357550       65632
767139,1599838939 6040884,4623095       65633
767133,0786062463 6041011,32773479       65634
767136,153941253 6041154,27841830       65635
767165,9778296859 6041373,48941013       65636
767172,1647422535 6041452,63367308       65637
767199,0811336394 6041587,25454458       65638
767234,7720794169 6041688,07537045       65639
767262,3835128053 6041748,709854091       65640
767290,1094165803 6041804,34681355       65641
767372,0895676161 6041936,22926329       65642
767458,1607802864 6042066,56179202       65643
767519,6654789051 6042153,69904587       65644
767573,718265286 6042211,1943287       65645
767643,620260607 6042286,71903675       65646
767698,9232853102 6042367,36410149       65647
767735,1129542596 6042450,74611962       65648
767754,8533423957 6042559,15167980       65649
767783,6774107637 6042686,81589610       65650
767812,792234709 6042801,78648971       65651
767835,5602014859 6042916,611394295       65652
767873,5401419804 6043060,36076024       65653
767918,8854273245 6043159,82788863       65654
767946,2089072248 6043214,430703375       65655
767978,7148408319 6043319,95351178       65656
768084,3689578808 6043697,03448613       65657
768223,5454588287 6044135,20996971       65658
768271,4074523035 6044263,31011920       65659
768364,976807862 6044475,01011039       65660
768372,9678383106 6044541,86938856       65661
768406,3458534393 6044609,31126311       65662
768427,8312458494 6044641,55464291       65663
768474,3395437036 6044690,24751301       65664
768508,299983008 6044732,30239424       65665
768545,2881072578 6044780,7768428       65666
768582,2761910799 6044829,25130790       65667
768612,6989231745 6044887,10021795       65668
768649,8325823868 6044929,22798571       65669
768695,5394596503 6045012,82796589       65670
768744,7837726362 6045080,63409542       65671
768775,6434103325 6045119,44288728       65672
768818,9049928086 6045171,2364860       65673
768849,9830994548 6045200,52513261       65674
768909,1843409602 6045249,50964585       65675
768986,1144898771 6045356,05183955       65676
769072,2002334686 6045478,67953988       65677
769096,3485050166 6045533,20951341       65678
769124,1802042556 6045565,59877445       65679
769195,1273027384 6045656,12865703       65680
769237,659835235 6045739,65609975       65681
769274,5013886341 6045794,47756308       65682
769318,1268156115 6045830,4046861       65683
769367,9531729491 6045872,82418214       65684
769417,9252443339 6045908,89711612       65685
769467,5329011468 6045960,83683305       65686
769495,1456102487 6046002,74637545       65687
769535,7433112091 6046032,25396216       65688
769639,6623013502 6046069,56606554       65689
769715,2397994194 6046096,70225940       65690
769768,6037407123 6046123,32818945       65691
769821,6760962 6046162,64766328       65692
769884,122681946 6046208,53256792       65693
769983,9934352944 6046283,85248712       65694
770052,6409067195 6046336,23005345       65695
770102,9771867774 6046356,436740410       65696
770172,7181175973 6046361,21405050       65697
770248,732974048 6046369,31058791       65698
770315,4464327672 6046367,66838059       65699
770362,8281285083 6046378,28215250       65700
770416,1919599131 6046404,90866739       65701
770475,6108200224 6046444,37438767       65702
770525,8741852377 6046467,75471107       65703
770645,5869968046 6046508,60610350       65704
770724,410577605 6046532,64289874       65705
770774,7468549394 6046552,84993381       65706
770826,232258134 6046554,8772017       65707
770898,8729164554 6046539,82749566       65708