426579,0992860049 5961240,22939281       2185
426679,78514823166 5961224,3062728       2186
426712,79984380945 5961224,962087735       2187
426794,4479351095 5961226,58400666       2188
426873,49224413536 5961217,40041645       2189
426984,9988768719 5961198,107851       2190
427235,7524959854 5961206,67431949       2191
427296,8094508578 5961200,71814878       2192
427379,2231730038 5961202,35563386       2193
427439,78173514345 5961221,482012060       2194
427501,1234650926 5961201,19313120       2195
427594,5717347512 5961188,71154567       2196
427734,74404195807 5961169,98924160       2197
427835,3586630927 5961157,65023963       2198
428011,719077473 5961121,72430174       2199
428062,4537321474 5961094,05560404       2200
428138,34199324093 5961063,30231509       2201
428209,1183702428 5961041,26285324       2202
428224,908736765 5961036,34585429       2203
428397,82851437986 5960993,18278044       2204
428462,8960634582 5960965,79923585       2205
428593,72867962014 5960931,73645100       2206
428718,7283333655 5960899,19234918       2207
428823,21123271546 5960872,59255974       2208
429075,24683736113 5960816,66482400       2209
429230,1796357066 5960776,72988231       2210
429313,0921401618 5960753,28613241       2211
429438,5756335917 5960752,19671322       2212
429503,2871179466 5960742,72971641       2213
429827,41457686503 5960666,72933271       2214
429924,87375560997 5960632,82146482       2215
430144,5183151567 5960583,42077375       2216
430317,7951821239 5960522,34437123       2217
430505,4761364156 5960457,97000500       2218
430757,726328937 5960391,29599596       2219
430919,6835149173 5960358,67201765       2220
431041,7263884181 5960350,34652020       2221
431138,9719977191 5960327,18913888       2222
431254,56145966006 5960282,88911130       2223
431381,3997975305 5960213,72074276       2224
431472,4061948939 5960143,83927903       2225
431635,6473226788 5960046,7185381       2226
431914,2645672743 5959916,04820203       2227
432022,68814082595 5959871,60628991       2228
432188,37179637834 5959831,88888389       2229
432303,8191690281 5959794,75622425       2230
432431,51437652967 5959682,59016018       2231
432562,9356035283 5959563,32914955       2232
432636,74030671606 5959457,25961744       2233
432653,2848833013 5959346,46517230       2234
432651,7707089683 5959242,48038922       2235
432624,96000489825 5959148,74582401       2236
432590,4120121701 5959083,53425965       2237
432536,3068064038 5959100,380191700       2238
432498,9763283586 5959174,91447321       2239
432500,4906072047 5959278,89933393       2240
432516,480438769 5959376,0031098       2241
432471,05617347633 5959496,97644899       2242
432408,71469091467 5959567,42795935       2243
432297,34968935384 5959579,549337978       2244
432176,0909733949 5959548,45828818       2245
432076,9021485115 5959489,12950558       2246
432052,53288556664 5959452,79790515       2247
432056,98552199005 5959405,48955339       2248
432061,62519831775 5959356,19357524       2249
432113,50236809964 5959271,1948069       2250
432151,0466267687 5959185,91077991       2251
432159,4971514109 5959121,55531889       2252
432145,87761457165 5959085,437702524       2253
432113,70841951435 5959075,27618697       2254
432085,3193646546 5959066,30877166       2255
431955,6096788439 5959099,57320547       2256
431741,5599420497 5959227,94438597       2257
431523,35686939396 5959384,9104218       2258
431413,4787495941 5959444,22351280       2259
430810,1170298027 5959739,93519416       2260
430694,5271173527 5959784,23569498       2261
430622,36357852275 5959807,89233843       2262
430503,689523043 5959827,03913819       2263
430425,2863457352 5959803,97148947       2264
430397,1907929349 5959774,73547119       2265
430357,5140679143 5959728,09966996       2266
430327,52228287194 5959672,97945289       2267
430267,0351017476 5959650,26826122       2268
430192,3575671206 5959620,1054687       2269
430110,442213681 5959593,3833924       2270
429967,3980311021 5959576,19940847       2271
429824,42504789494 5959555,43231055       2272
429719,79853838106 5959589,19779218       2273
429629,86140033964 5959605,33226427       2274
429547,23320066987 5959614,44292064       2275
429492,7719849554 5959649,20629211       2276
429450,5460893596 5959608,92295337       2277
429418,48240265646 5959597,96397736       2278
429361,5462710079 5959578,48812211       2279
429293,6072405296 5959569,96779583       2280
429228,5045828448 5959610,60436999       2281
429188,48198743846 5959628,81639945       2282
429113,30528662977 5959623,73681652       2283
428973,70150698314 5959613,79151581       2284
428801,7851987837 5959604,43030295       2285
428665,61408024456 5959604,08116590       2286
428590,15231512726 5959613,33489840       2287
428485,88209998724 5959629,18519833       2288
428395,94492898387 5959645,32051845       2289
428215,6431325964 5959699,090804880       2290
428121,9089558809 5959725,904865026       2291
428049,17579171417 5959778,22895418       2292
427977,2972393247 5959787,55426985       2293
427908,57472766936 5959818,45020302       2294
427839,6384849434 5959860,09594518       2295
427695,098189792 5959918,16239891       2296
427617,07256712497 5959951,42580095       2297
427550,4867741682 5959979,81226961       2298
427438,6231108672 5960017,0204538       2299
427337,58036216424 5960050,85908711       2300
427214,96700374887 5960087,85385444       2301
427051,798932769 5960181,39738634       2302
426928,8297534237 5960236,30860225       2303
426806,28777560964 5960269,72060241       2304
426683,5322802755 5960313,8822853       2305
426622,5460575085 5960316,25541719       2306
426572,7365872557 5960297,34268420       2307
426493,5494443774 5960313,6928913       2308
426431,56671278033 5960366,231495067       2309
426305,7974810924 5960381,65651772       2310
426273,26368285844 5960395,34887911       2311
426185,70017712924 5960472,4719708       2312
426094,9094508633 5960531,60776787       2313
426008,05777129735 5960572,89861831       2314
425921,7754341175 5960585,52359959       2315
425883,01588623936 5960583,78956884       2316
425851,40841698 5960582,375543       2317
425803,4361715751 5960533,80879895       2318
425785,478327523 5960505,67730815       2319
425776,93251785974 5960469,79706149       2320
425754,71953508805 5960456,12979256       2321
425704,18193268194 5960403,5441889       2322
425695,5048260855 5960374,27438240       2323
425681,59193182347 5960342,25530267       2324
425649,4322347067 5960296,647801219       2325
425642,1035460592 5960266,08205179       2326
425624,45821066893 5960213,98431147       2327
425607,18239820097 5960181,37932992       2328
425573,7509708647 5960123,90372783       2329
425532,2499074048 5960080,95550723       2330
425527,82736946584 5960025,66285991       2331
425519,56814252224 5959900,03554254       2332
425511,4620879842 5959786,743063793       2333
425484,27943531564 5959691,42372574       2334
425446,14438188 5959626,14223084       2335
425396,8325055832 5959582,14683776       2336
425401,3408259102 5959535,6355999       2337
425449,9157657896 5959436,22914850       2338
425458,5702257558 5959328,79508446       2339
425449,46949072275 5959283,62434952       2340
425407,9133494593 5959244,011496467       2341
425353,7319842371 5959070,81785629       2342
425326,1414179187 5958951,62332460       2343
425304,31187374686 5958956,86587465       2344
425282,36931788357 5958962,13547773       2345
425305,093079603 5959082,6801350       2346
425252,22006593214 5959096,93620574       2347
425211,1849245652 5958985,41607394       2348
425183,7152207566 5958871,43652274       2349
425151,181668231 5959075,469914556       2350
425145,6286564688 5959186,10814457       2351
424772,532377833 5959722,37339642       2352
424761,13629039156 5959789,26709841       2353
424566,5233080471 5959956,55963089       2354
424538,3113838472 5959980,09376271       2355
424483,0688659559 5960026,17641667       2356
424436,8481656751 5960064,73331058       2357
424311,1271150843 5960142,78170028       2358
424259,80824552436 5960192,1029895       2359
424115,3166781427 5960370,45870588       2360
424073,46270006354 5960450,17168692       2361
423989,7957902323 5960438,44330031       2362
423995,3733127483 5960495,60578164       2363
424001,01741428697 5960549,41352676       2364
424085,5497742834 5960517,53134916       2365
424110,9224268097 5960591,8666114       2366
424153,401195861 5960649,76138637       2367
424232,514774439 5960721,80714574       2368
424291,63361131516 5960786,744094308       2369
424467,36620280234 5960894,26736765       2370
424611,6822837796 5960966,74612858       2371
424669,6520428243 5960995,85979703       2372
424689,99702814413 5961006,0775557       2373
424779,90657224157 5961041,42195461       2374
425209,9251823536 5961187,55332814       2375
425303,38888990175 5961212,90060165       2376
425387,0550122506 5961224,62966860       2377
425491,18205162877 5961219,98520850       2378
425628,92192609224 5961212,65225344       2379
425863,613283683 5961224,0245186       2380
425967,4736652478 5961232,79894851       2381
426087,84287707286 5961248,39537290       2382
426198,85148460866 5961254,18467661       2383
426352,7162157613 5961267,99455158       2384
426478,3422557871 5961259,73582327       2385
426579,0992860049 5961240,22939281       2386