635056,0757410026 6034353,75259169       58988
635120,9818594129 6034329,74653644       58989
635181,5595309241 6034334,62793208       58990
635220,0794199262 6034335,144773615       58991
635236,7988210479 6034335,36912042       58992
635251,7822579478 6034335,69358945       58993
635265,6586423129 6034340,99090830       58994
635288,2465628649 6034352,63456545       58995
635335,6762471038 6034305,83880138       58996
635371,4328955217 6034303,04361845       58997
635421,152310071 6034314,82916232       58998
635439,3783562753 6034297,37581717       58999
635507,9420183465 6034263,16456713       59000
635603,4982476144 6034292,343009233       59001
635633,681518665 6034283,00307158       59002
635548,3484969711 6034210,49532602       59003
635524,2228421198 6034170,70701288       59004
635535,8538978103 6034128,12344013       59005
635558,111588178 6034089,33963205       59006
635523,5138944068 6034038,61566466       59007
635461,2426922037 6034031,42549025       59008
635347,8344477444 6034074,0770095       59009
635289,6656190099 6034122,791992       59010
635253,2238059599 6034176,82577473       59011
635108,6416222781 6034240,2389990       59012
635035,0179899171 6034285,028994122       59013
635012,7024315577 6034303,59037077       59014
634992,3816073876 6034334,101152196       59015
635009,2048910938 6034355,119365768       59016
635056,0757410026 6034353,75259169       59017
