829921,9042634054 5989385,74649758       59658
829896,8588275264 5989369,27916153       59659
829844,719369905 5989425,283694223       59660
829811,4188954516 5989491,25646228       59661
829763,2607520994 5989512,39366534       59662
829718,4253642866 5989527,25125660       59663
829689,3255999875 5989548,82756000       59664
829662,890160593 5989592,71172351       59665
829633,7172565449 5989617,46428546       59666
829610,6777240003 5989651,89242223       59667
829596,8745647816 5989699,24556766       59668
829575,6943502007 5989790,92174592       59669
829587,6681436205 5989822,9782086       59670
829631,4789681553 5989852,59013421       59671
829695,2262675192 5989844,52450021       59672
829746,3411625104 5989832,98969749       59673
829795,0113731655 5989789,61799056       59674
829835,4244784866 5989709,20820513       59675
829861,5225192485 5989657,28102894       59676
829874,5879345194 5989611,53745973       59677
829866,545251425 5989581,51259902       59678
829880,5679216424 5989524,63013464       59679
829913,9417302117 5989455,48107867       59680
829921,0262274157 5989423,86336026       59681
829921,9042634054 5989385,74649758       59682