825355,27705303 5988350,42820479       59683
825345,3189545413 5988348,19738182       59684
825335,2688557763 5988349,96819915       59685
825326,0811668008 5988357,764475075       59686
825317,7558873398 5988371,58620707       59687
825311,4084268947 5988386,45434606       59688
825308,1919550311 5988401,79464158       59689
825306,7167776278 5988416,37461899       59690
825307,4181789884 5988429,402936147       59691
825310,0743948612 5988444,47807133       59692
825313,754017905 5988458,575797711       59693
825315,45582233 5988471,6271127       59694
825316,1572164275 5988484,65542567       59695
825314,8577920473 5988497,63773489       59696
825312,6269622312 5988507,59581618       59697
825307,371905881 5988518,485300411       59698
825302,1168496415 5988529,37478295       59699
825300,8634253787 5988540,35626983       59700
825301,5878144829 5988552,38416665       59701
825303,4046169142 5988560,43343293       59702
825309,085038787 5988574,57715302       59703
825315,7428636628 5988589,7442829       59704
825321,4922865538 5988600,88678028       59705
825333,0601343827 5988620,1705533       59706
825340,8333701456 5988630,35864950       59707
825351,6308298594 5988639,61534733       59708
825361,5658979288 5988642,84659829       59709
825373,5247847086 5988645,12344866       59710
825385,5526814507 5988644,39907701       59711
825398,6499969586 5988640,69648551       59712
825406,8602896708 5988631,87683788       59713
825413,0697668721 5988623,01118272       59714
825418,3248423156 5988612,1217064       59715
825420,5096833734 5988604,16444505       59716
825422,6945242013 5988596,20718287       59717
825425,9947878841 5988583,27087952       59718
825432,3192801889 5988569,40317378       59719
825437,5513525637 5988559,51409858       59720
825445,7846524582 5988549,69403016       59721
825464,0910548153 5988537,10275976       59722
825477,2804002011 5988529,3985205       59723
825489,4693384265 5988521,67127768       59724
825496,6792324686 5988512,828609697       59725
825501,9573157437 5988500,93870489       59726
825502,2333485573 5988488,93378461       59727
825502,4863776024 5988477,92927332       59728
825502,7394056588 5988466,92476105       59729
825499,9681993449 5988456,85165089       59730
825498,1974021683 5988446,80154278       59731
825495,4031912484 5988437,72884245       59732
825489,6077479265 5988428,58713568       59733
825482,8348948391 5988418,42201702       59734
825474,0152156331 5988410,21171643       59735
825464,1261199377 5988404,97964679       59736
825453,2136121113 5988400,7249873       59737
825441,3006941259 5988396,44732812       59738
825423,4543188754 5988389,03043245       59739
825403,6301246076 5988380,56712893       59740
825386,8071605524 5988372,17283311       59741
825375,9406547432 5988365,91736504       59742
825365,1201495744 5988357,66107881       59743
825355,27705303 5988350,42820479       59744