300800,54314284615 5614199,66189080       370
300803,1928874752 5614071,56329800       371
300828,4878807161 5613949,71914643       372
300861,3526638014 5613828,93452560       373
300893,82495309407 5613727,120604116       374
300956,1010207699 5613652,49358743       375
301001,4041436365 5613605,57396839       376
301072,2014356762 5613544,8182971       377
301188,73363304173 5613483,36053798       378
301347,73388143076 5613436,64567268       379
301439,02846470504 5613427,14706441       380
301526,2150049729 5613432,7465041       381
301755,8513922551 5613524,799338317       382
301831,4984513676 5613537,75148629       383
301949,27323709853 5613532,59632587       384
302076,63439150876 5613496,37148109       385
302204,08882202185 5613460,12005554       386
302271,5457817981 5613452,16008807       387
302437,1961559579 5613432,61316777       388
302592,9902273697 5613424,44871020       389
302880,17514114233 5613409,06937280       390
303056,42035047966 5613407,464920       391
303302,64429430116 5613431,53673391       392
303529,74061605305 5613462,80420887       393
303542,66808887984 5613465,77762962       394
303620,40639406664 5613483,65807311       395
303630,75953674386 5613488,40111314       396
303733,2089068177 5613535,33553626       397
303785,61986734543 5613570,58105462       398
303848,86379498313 5613632,62053750       399
303915,1955832301 5613728,88520026       400
303955,43957639515 5613801,83596021       401
303973,154437687 5613862,93370538       402
303974,82990463445 5613965,45251378       403
303990,58330076875 5614121,40242424       404
304004,4258057056 5614186,21579459       405
304029,65051793866 5614251,26454468       406
304078,0321219625 5614297,81357187       407
304126,6491076094 5614332,98039577       408
304171,86439522495 5614349,09817921       409
304228,77558466815 5614350,27505507       410
304285,8437753875 5614343,86374542       411
304347,1767869679 5614314,766453       412
304389,6963535607 5614277,68870525       413
304428,50018688507 5614236,73832214       414
304534,94180727855 5614045,35875370       415
304613,25562950695 5613929,31161082       416
304652,37341141346 5613873,1851187       417
304691,0987689231 5613836,02905139       418
304799,37289384485 5613739,58021267       419
304954,5097237046 5613579,57389976       420
305066,89170023426 5613468,02748862       421
305170,42998095317 5613417,02926699       422
305239,3508777834 5613388,08926538       423
305315,4674382607 5613378,27644828       424
305391,427131661 5613376,05176283       425
305512,6800580622 5613386,15087893       426
305865,3873212838 5613442,17731671       427
306234,6758412634 5613530,13523595       428
306329,2130656205 5613547,27295170       429
306424,22111169714 5613541,64635189       430
306493,062983065 5613516,50039161       431
306505,3321344994 5613507,8873741       432
306550,8366336164 5613475,94288155       433
306586,08148481126 5613423,53249535       434
306613,89507348 5613363,37711584       435
306743,6999352799 5612959,92626246       436
306803,90611239406 5612801,75400455       437
306863,64152437093 5612666,34607840       438
306962,9156652974 5612451,43667367       439
307015,8189533262 5612282,33751712       440
307024,5841949653 5612225,58412746       441
307010,74223524344 5612160,77180573       442
306992,4785147816 5612126,23323746       443
306929,31430073036 5612060,400634970       444
306795,5548221308 5611920,9903790       445
306749,9530235407 5611870,7241196       446
306738,8156184382 5611858,447477085       447
306690,19954416784 5611938,19947993       448
306387,23650582164 5612036,68312948       449
306277,8684804478 5612101,71350972       450
306027,98684807646 5612007,59788936       451
305892,8784785272 5611956,74619953       452
305632,78652734775 5611946,35946883       453
304553,344667218 5611906,005245496       454
304499,6971748097 5611885,87272803       455
304472,51012991276 5611875,524121663       456
304154,6700079243 5612060,95005794       457
303479,7357527424 5612454,47014630       458
303261,859145124 5612581,11866904       459
303187,7932566464 5612624,04871274       460
303056,2449082477 5612515,48689018       461
302911,1425819494 5612595,71677463       462
302751,81792789116 5612507,4174229       463
302592,22456946445 5612603,28567999       464
302556,33349960187 5612540,56163200       465
302290,49482552905 5612636,00265531       466
302193,84500738414 5612685,35900741       467
302098,4402754349 5612674,53056425       468
302050,74411078123 5612583,22776433       469
301958,6233818209 5612584,86344687       470
301912,17215100734 5612690,15653291       471
301813,56884166424 5612748,32714890       472
301738,89306506794 5612762,72028643       473
301651,2401940761 5612805,179315099       474
301596,85593466205 5612872,05958657       475
301575,6120064414 5612865,59631790       476
301423,2937531582 5612780,98299112       477
301363,279645469 5612685,88313007       478
301240,33401599457 5612465,51733430       479
301080,6298507503 5612465,90315325       480
301176,9745322111 5612164,53237555       481
300950,7654848964 5612064,73679477       482
300671,3645910018 5611777,616043935       483
300558,7457065304 5611849,37435158       484
300277,7400411032 5612026,779212736       485
300242,42193857895 5612185,24016622       486
300572,23624514276 5612310,20799937       487
300709,0347067559 5612546,89563257       488
300799,8683370931 5612704,05463014       489
300810,0193727374 5612721,61786273       490
300737,3171056083 5612778,2852399       491
300641,0948099993 5612853,28525421       492
300602,00916677434 5612903,53802757       493
299677,80713985243 5614034,098348292       494
299871,15706955537 5614111,8947151       495
299953,84941866284 5614131,627141952       496
299985,8123623992 5614135,29197474       497
300009,93466080085 5614130,78492324       498
300035,14054898394 5614122,29544439       499
300055,6737638444 5614097,68993536       500
300072,4108769027 5614062,99379783       501
300091,71557827236 5614049,37620075       502
300131,56053531705 5614059,211350813       503
300225,45476142643 5614118,22265176       504
300261,1309587207 5614135,98121812       505
300282,0024536055 5614143,42143266       506
300296,19971114973 5614134,70423008       507
300310,7903090491 5614106,97218587       508
300321,31567716936 5614082,15968031       509
300341,76604708855 5614061,5573260       510
300365,92970520485 5614055,04871707       511
300392,6816558305 5614068,61783005       512
300434,03127170564 5614102,51308224       513
300463,76485931536 5614117,14506912       514
300490,9308431691 5614110,69855839       515
300511,25697730354 5614096,10089334       516
300524,68115906266 5614076,35441635       517
300540,59013004764 5614081,68954875       518
300556,89952627703 5614116,06800135       519
300767,59571993793 5614336,68714504       520
300807,66387273476 5614354,22737633       521
300800,54314284615 5614199,66189080       522
301597,04379877495 5616064,671827462       523
301659,6327235673 5615974,86755106       524
301710,7774327833 5615723,068050154       525
301731,6640425769 5615611,96380772       526
301725,25251616084 5615554,89483832       527
301703,66442903865 5615497,51205950       528
301291,2237186904 5615067,65375138       529
301152,8095924099 5614881,30132110       530
300920,10200652824 5614563,1107530       531
300906,233581007 5614571,45642101       532
300752,820707345 5614663,77648728       533
300897,88732718525 5614911,07147078       534
300879,9376835055 5614926,712764407       535
300753,1066153983 5615037,2330904       536
300652,1665924895 5615125,25436939       537
300582,809570091 5615186,89621929       538
300210,74149160064 5615410,48144894       539
299889,30048035755 5615800,314560113       540
299779,1012068234 5615959,99234660       541
299787,09237313597 5615960,84101558       542
300030,9985579277 5615986,74289527       543
300205,60871615645 5615986,55754927       544
300349,76053015405 5615985,58939466       545
300482,73968022456 5615984,69617006       546
300736,39924004383 5616016,51147416       547
301026,90187810594 5616102,22911806       548
301162,8637474965 5616135,40640235       549
301253,68809097505 5616148,67142417       550
301325,6199645379 5616157,75015189       551
301409,24814635585 5616151,88758028       552
301489,39580811094 5616130,77005104       553
301542,98448353854 5616109,10333461       554
301597,04379877495 5616064,671827462       555
300800,54314284615 5614199,66189080       370