769252,602448947 6048549,48916082       65092
769309,3578931831 6048541,74120291       65093
769354,5439134005 6048545,04276876       65094
769429,6026918285 6048528,6630872       65095
769491,2979739133 6048502,92383380       65096
769562,1968536471 6048470,60693069       65097
769601,377111037 6048439,82394999       65098
769645,1852168195 6048404,62129123       65099
769680,6216265755 6048339,80568570       65100
769704,3845491929 6048290,56351097       65101
769719,619654868 6048218,4941644       65102
769734,8027565782 6048148,686735583       65103
769761,0355207876 6048090,44869250       65104
769796,3680146304 6048030,15666761       65105
769826,3447674986 6048005,95137374       65106
769845,5318809118 6047958,866879893       65107
769869,710751497 6047891,52904155       65108
769877,692196901 6047839,66076600       65109
769881,3058077998 6047780,90262042       65110
769868,8258373374 6047733,09020522       65111
769823,7432684565 6047725,26476525       65112
769787,8643133715 6047710,86150416       65113
769742,8337339537 6047700,77421867       65114
769707,2666574209 6047672,79935731       65115
769664,3940118409 6047667,2878769       65116
769601,6837434843 6047638,68943209       65117
769548,177245816 6047603,51307900       65118
769503,9261728359 6047559,49700173       65119
769509,333594003 6047521,14822395       65120
769548,7218529064 6047481,31702780       65121
769576,1768956212 6047468,36915642       65122
769607,8438915964 6047469,09678930       65123
769639,8747160786 6047453,99097763       65124
769661,1156328685 6047416,0058460       65125
769632,646025186 6047374,615475371       65126
769598,8730173751 6047367,05009975       65127
769534,9672918541 6047390,476124       65128
769461,8059729809 6047422,74194452       65129
769393,532391597 6047439,27828127       65130
769313,2216707843 6047487,221738012       65131
769246,1187920852 6047551,31048011       65132
769151,3013701736 6047639,65666714       65133
769095,7161588371 6047694,95738649       65134
769053,4426392196 6047761,87944977       65135
769013,9507953902 6047806,23435621       65136
768974,6668505932 6047841,54143500       65137
768966,6858942667 6047893,40954155       65138
768976,3323939764 6047966,05050895       65139
768978,2058046054 6048081,5117641       65140
768984,9667551343 6048181,24346975       65141
768994,7690870924 6048247,09857499       65142
769020,1447608955 6048324,62689596       65143
769027,7889816645 6048385,90613706       65144
769039,1254520447 6048483,47970442       65145
769060,6528208645 6048531,4993797       65146
769080,7500751084 6048543,27670137       65147
769116,9404599466 6048544,10838202       65148
769152,766985522 6048560,77331087       65149
769175,2819429785 6048565,81695105       65150
769252,602448947 6048549,48916082       65151